# BEGIN PLOT
LegendOnly=//nfs/dust/atlas/group/top/BS4Tops/r21/atlas-run3-multitops-bsm-joboptions/output/100009_13000GeV_128338/Rivet.yoda.gz/tttt_ttH_1LOS/Inclusive_lep0Pt_15GeV_2 //nfs/dust/atlas/group/top/BS4Tops/r21/atlas-run3-multitops-bsm-joboptions/output/100022_13000GeV_353862/Rivet.yoda.gz/tttt_ttH_1LOS/Inclusive_lep0Pt_15GeV_2
DrawOnly=//nfs/dust/atlas/group/top/BS4Tops/r21/atlas-run3-multitops-bsm-joboptions/output/100009_13000GeV_128338/Rivet.yoda.gz/tttt_ttH_1LOS/Inclusive_lep0Pt_15GeV_2 //nfs/dust/atlas/group/top/BS4Tops/r21/atlas-run3-multitops-bsm-joboptions/output/100022_13000GeV_353862/Rivet.yoda.gz/tttt_ttH_1LOS/Inclusive_lep0Pt_15GeV_2
RatioPlotReference=//nfs/dust/atlas/group/top/BS4Tops/r21/atlas-run3-multitops-bsm-joboptions/output/100009_13000GeV_128338/Rivet.yoda.gz/tttt_ttH_1LOS/Inclusive_lep0Pt_15GeV_2
RatioPlot=1
LogY=1
RatioPlotYLabel=Ratio
Legend=1
# END PLOT

# BEGIN HISTO1D //nfs/dust/atlas/group/top/BS4Tops/r21/atlas-run3-multitops-bsm-joboptions/output/100009_13000GeV_128338/Rivet.yoda.gz/tttt_ttH_1LOS/Inclusive_lep0Pt_15GeV_2
ErrorBars=1
LineColor=red
LineStyle=solid
Path=//nfs/dust/atlas/group/top/BS4Tops/r21/atlas-run3-multitops-bsm-joboptions/output/100009_13000GeV_128338/Rivet.yoda.gz/tttt_ttH_1LOS/Inclusive_lep0Pt_15GeV_2
ScaledBy=9.99999999999638331e-05
Title=ttH(tt) 1.9 TeV
# xlow	 xhigh	 val	 errminus	 errplus
0.000000e+00	3.000000e+01	3.526320e-07	1.228452e-08	1.228452e-08
3.000000e+01	6.000000e+01	6.761633e-07	1.701074e-08	1.701074e-08
6.000000e+01	9.000000e+01	5.306597e-07	1.506973e-08	1.506973e-08
9.000000e+01	1.200000e+02	3.573393e-07	1.236624e-08	1.236624e-08
1.200000e+02	1.500000e+02	2.961424e-07	1.125764e-08	1.125764e-08
1.500000e+02	1.800000e+02	2.289540e-07	9.898546e-09	9.898546e-09
1.800000e+02	2.100000e+02	1.741762e-07	8.633596e-09	8.633596e-09
2.100000e+02	2.400000e+02	1.399401e-07	7.738707e-09	7.738707e-09
2.400000e+02	2.700000e+02	1.168308e-07	7.070919e-09	7.070919e-09
2.700000e+02	3.000000e+02	9.971270e-08	6.532395e-09	6.532395e-09
3.000000e+02	3.300000e+02	7.959897e-08	5.836480e-09	5.836480e-09
3.300000e+02	3.600000e+02	6.975610e-08	5.463719e-09	5.463719e-09
3.600000e+02	3.900000e+02	5.434983e-08	4.822768e-09	4.822768e-09
3.900000e+02	4.200000e+02	4.707467e-08	4.488392e-09	4.488392e-09
4.200000e+02	4.500000e+02	3.851563e-08	4.059904e-09	4.059904e-09
4.500000e+02	4.800000e+02	3.038455e-08	3.605983e-09	3.605983e-09
4.800000e+02	5.100000e+02	1.968577e-08	2.902508e-09	2.902508e-09
5.100000e+02	5.400000e+02	1.925782e-08	2.870786e-09	2.870786e-09
5.400000e+02	5.700000e+02	1.412240e-08	2.458394e-09	2.458394e-09
5.700000e+02	6.000000e+02	2.182552e-08	3.056185e-09	3.056185e-09
6.000000e+02	6.300000e+02	1.027084e-08	2.096525e-09	2.096525e-09
6.300000e+02	6.600000e+02	1.027084e-08	2.096525e-09	2.096525e-09
6.600000e+02	6.900000e+02	6.419273e-09	1.657449e-09	1.657449e-09
6.900000e+02	7.200000e+02	4.279513e-09	1.353301e-09	1.353301e-09
7.200000e+02	7.500000e+02	2.567709e-09	1.048263e-09	1.048263e-09
7.500000e+02	7.800000e+02	3.851563e-09	1.283854e-09	1.283854e-09
7.800000e+02	8.100000e+02	8.559030e-10	6.052147e-10	6.052147e-10
8.100000e+02	8.400000e+02	4.279513e-10	4.279515e-10	4.279515e-10
8.400000e+02	8.700000e+02	8.559030e-10	6.052147e-10	6.052147e-10
8.700000e+02	9.000000e+02	0.000000e+00	0.000000e+00	0.000000e+00
9.000000e+02	9.300000e+02	4.279513e-10	4.279515e-10	4.279515e-10
9.300000e+02	9.600000e+02	0.000000e+00	0.000000e+00	0.000000e+00
9.600000e+02	9.900000e+02	8.559030e-10	6.052147e-10	6.052147e-10
9.900000e+02	1.020000e+03	8.559030e-10	6.052147e-10	6.052147e-10
1.020000e+03	1.050000e+03	4.279513e-10	4.279515e-10	4.279515e-10
1.050000e+03	1.080000e+03	8.559030e-10	6.052147e-10	6.052147e-10
1.080000e+03	1.110000e+03	4.279513e-10	4.279515e-10	4.279515e-10
1.110000e+03	1.140000e+03	4.279513e-10	4.279515e-10	4.279515e-10
1.140000e+03	1.170000e+03	0.000000e+00	0.000000e+00	0.000000e+00
1.170000e+03	1.200000e+03	4.279513e-10	4.279515e-10	4.279515e-10
# END HISTO1D


# BEGIN HISTO1D //nfs/dust/atlas/group/top/BS4Tops/r21/atlas-run3-multitops-bsm-joboptions/output/100022_13000GeV_353862/Rivet.yoda.gz/tttt_ttH_1LOS/Inclusive_lep0Pt_15GeV_2
ErrorBars=1
LineColor=blue
LineStyle=solid
Path=//nfs/dust/atlas/group/top/BS4Tops/r21/atlas-run3-multitops-bsm-joboptions/output/100022_13000GeV_353862/Rivet.yoda.gz/tttt_ttH_1LOS/Inclusive_lep0Pt_15GeV_2
ScaledBy=9.99999999999971859e-05
Title=SM tttt (LO)
# xlow	 xhigh	 val	 errminus	 errplus
0.000000e+00	3.000000e+01	2.314246e-05	7.253300e-07	7.253300e-07
3.000000e+01	6.000000e+01	4.355693e-05	9.950835e-07	9.950835e-07
6.000000e+01	9.000000e+01	2.896218e-05	8.114215e-07	8.114215e-07
9.000000e+01	1.200000e+02	1.743641e-05	6.295924e-07	6.295924e-07
1.200000e+02	1.500000e+02	1.059370e-05	4.907437e-07	4.907437e-07
1.500000e+02	1.800000e+02	6.228913e-06	3.763025e-07	3.763025e-07
1.800000e+02	2.100000e+02	3.864653e-06	2.964055e-07	2.964055e-07
2.100000e+02	2.400000e+02	2.477926e-06	2.373422e-07	2.373422e-07
2.400000e+02	2.700000e+02	1.273063e-06	1.701202e-07	1.701202e-07
2.700000e+02	3.000000e+02	1.000264e-06	1.507954e-07	1.507954e-07
3.000000e+02	3.300000e+02	5.910647e-07	1.159174e-07	1.159174e-07
3.300000e+02	3.600000e+02	4.091987e-07	9.644906e-08	9.644906e-08
3.600000e+02	3.900000e+02	4.319320e-07	9.909199e-08	9.909199e-08
3.900000e+02	4.200000e+02	1.136663e-07	5.083311e-08	5.083311e-08
4.200000e+02	4.500000e+02	6.819980e-08	3.937516e-08	3.937516e-08
4.500000e+02	4.800000e+02	1.591328e-07	6.014656e-08	6.014656e-08
4.800000e+02	5.100000e+02	4.546653e-08	3.214969e-08	3.214969e-08
5.100000e+02	5.400000e+02	0.000000e+00	0.000000e+00	0.000000e+00
5.400000e+02	5.700000e+02	0.000000e+00	0.000000e+00	0.000000e+00
5.700000e+02	6.000000e+02	0.000000e+00	0.000000e+00	0.000000e+00
6.000000e+02	6.300000e+02	4.546653e-08	3.214969e-08	3.214969e-08
6.300000e+02	6.600000e+02	0.000000e+00	0.000000e+00	0.000000e+00
6.600000e+02	6.900000e+02	0.000000e+00	0.000000e+00	0.000000e+00
6.900000e+02	7.200000e+02	0.000000e+00	0.000000e+00	0.000000e+00
7.200000e+02	7.500000e+02	2.273326e-08	2.273326e-08	2.273326e-08
7.500000e+02	7.800000e+02	0.000000e+00	0.000000e+00	0.000000e+00
7.800000e+02	8.100000e+02	0.000000e+00	0.000000e+00	0.000000e+00
8.100000e+02	8.400000e+02	0.000000e+00	0.000000e+00	0.000000e+00
8.400000e+02	8.700000e+02	0.000000e+00	0.000000e+00	0.000000e+00
8.700000e+02	9.000000e+02	0.000000e+00	0.000000e+00	0.000000e+00
9.000000e+02	9.300000e+02	0.000000e+00	0.000000e+00	0.000000e+00
9.300000e+02	9.600000e+02	0.000000e+00	0.000000e+00	0.000000e+00
9.600000e+02	9.900000e+02	0.000000e+00	0.000000e+00	0.000000e+00
9.900000e+02	1.020000e+03	0.000000e+00	0.000000e+00	0.000000e+00
1.020000e+03	1.050000e+03	0.000000e+00	0.000000e+00	0.000000e+00
1.050000e+03	1.080000e+03	0.000000e+00	0.000000e+00	0.000000e+00
1.080000e+03	1.110000e+03	0.000000e+00	0.000000e+00	0.000000e+00
1.110000e+03	1.140000e+03	0.000000e+00	0.000000e+00	0.000000e+00
1.140000e+03	1.170000e+03	0.000000e+00	0.000000e+00	0.000000e+00
1.170000e+03	1.200000e+03	0.000000e+00	0.000000e+00	0.000000e+00
# END HISTO1D

