# BEGIN PLOT
LegendOnly=//nfs/dust/atlas/group/top/BS4Tops/r21/atlas-run3-multitops-bsm-joboptions/output/100012_13000GeV_128282/Rivet.yoda.gz/tttt_ttH_1LOS/Inclusive_lep0Pt_2 //nfs/dust/atlas/group/top/BS4Tops/r21/atlas-run3-multitops-bsm-joboptions/output/100022_13000GeV_353862/Rivet.yoda.gz/tttt_ttH_1LOS/Inclusive_lep0Pt_2
DrawOnly=//nfs/dust/atlas/group/top/BS4Tops/r21/atlas-run3-multitops-bsm-joboptions/output/100012_13000GeV_128282/Rivet.yoda.gz/tttt_ttH_1LOS/Inclusive_lep0Pt_2 //nfs/dust/atlas/group/top/BS4Tops/r21/atlas-run3-multitops-bsm-joboptions/output/100022_13000GeV_353862/Rivet.yoda.gz/tttt_ttH_1LOS/Inclusive_lep0Pt_2
RatioPlotReference=//nfs/dust/atlas/group/top/BS4Tops/r21/atlas-run3-multitops-bsm-joboptions/output/100012_13000GeV_128282/Rivet.yoda.gz/tttt_ttH_1LOS/Inclusive_lep0Pt_2
RatioPlot=1
LogY=1
RatioPlotYLabel=Ratio
Legend=1
# END PLOT

# BEGIN HISTO1D //nfs/dust/atlas/group/top/BS4Tops/r21/atlas-run3-multitops-bsm-joboptions/output/100012_13000GeV_128282/Rivet.yoda.gz/tttt_ttH_1LOS/Inclusive_lep0Pt_2
ErrorBars=1
LineColor=red
LineStyle=solid
Path=//nfs/dust/atlas/group/top/BS4Tops/r21/atlas-run3-multitops-bsm-joboptions/output/100012_13000GeV_128282/Rivet.yoda.gz/tttt_ttH_1LOS/Inclusive_lep0Pt_2
ScaledBy=9.99999999999951665e-05
Title=ttH(tt) 2.2 TeV
# xlow	 xhigh	 val	 errminus	 errplus
0.000000e+00	3.000000e+01	1.925911e-07	5.887681e-09	5.887681e-09
3.000000e+01	6.000000e+01	2.665677e-07	6.926756e-09	6.926756e-09
6.000000e+01	9.000000e+01	2.131101e-07	6.193388e-09	6.193388e-09
9.000000e+01	1.200000e+02	1.524529e-07	5.238345e-09	5.238345e-09
1.200000e+02	1.500000e+02	1.222143e-07	4.690156e-09	4.690156e-09
1.500000e+02	1.800000e+02	9.665553e-08	4.170994e-09	4.170994e-09
1.800000e+02	2.100000e+02	7.361660e-08	3.640107e-09	3.640107e-09
2.100000e+02	2.400000e+02	5.723737e-08	3.209711e-09	3.209711e-09
2.400000e+02	2.700000e+02	4.535790e-08	2.857279e-09	2.857279e-09
2.700000e+02	3.000000e+02	3.977817e-08	2.675769e-09	2.675769e-09
3.000000e+02	3.300000e+02	3.365843e-08	2.461349e-09	2.461349e-09
3.300000e+02	3.600000e+02	3.023860e-08	2.332959e-09	2.332959e-09
3.600000e+02	3.900000e+02	2.249896e-08	2.012368e-09	2.012368e-09
3.900000e+02	4.200000e+02	2.285894e-08	2.028403e-09	2.028403e-09
4.200000e+02	4.500000e+02	1.727920e-08	1.763551e-09	1.763551e-09
4.500000e+02	4.800000e+02	1.349938e-08	1.558774e-09	1.558774e-09
4.800000e+02	5.100000e+02	1.241943e-08	1.495123e-09	1.495123e-09
5.100000e+02	5.400000e+02	1.025953e-08	1.358907e-09	1.358907e-09
5.400000e+02	5.700000e+02	1.079950e-08	1.394209e-09	1.394209e-09
5.700000e+02	6.000000e+02	7.379660e-09	1.152509e-09	1.152509e-09
6.000000e+02	6.300000e+02	7.379660e-09	1.152509e-09	1.152509e-09
6.300000e+02	6.600000e+02	4.679783e-09	9.177811e-10	9.177811e-10
6.600000e+02	6.900000e+02	5.039767e-09	9.524264e-10	9.524264e-10
6.900000e+02	7.200000e+02	3.419843e-09	7.845655e-10	7.845655e-10
7.200000e+02	7.500000e+02	1.439933e-09	5.090933e-10	5.090933e-10
7.500000e+02	7.800000e+02	1.619925e-09	5.399750e-10	5.399750e-10
7.800000e+02	8.100000e+02	1.259942e-09	4.762132e-10	4.762132e-10
8.100000e+02	8.400000e+02	5.399750e-10	3.117547e-10	3.117547e-10
8.400000e+02	8.700000e+02	1.079950e-09	4.408877e-10	4.408877e-10
8.700000e+02	9.000000e+02	1.979908e-09	5.969648e-10	5.969648e-10
9.000000e+02	9.300000e+02	1.079950e-09	4.408877e-10	4.408877e-10
9.300000e+02	9.600000e+02	3.599833e-10	2.545467e-10	2.545467e-10
9.600000e+02	9.900000e+02	1.799917e-10	1.799917e-10	1.799917e-10
9.900000e+02	1.020000e+03	1.799917e-10	1.799917e-10	1.799917e-10
1.020000e+03	1.050000e+03	1.799917e-10	1.799917e-10	1.799917e-10
1.050000e+03	1.080000e+03	0.000000e+00	0.000000e+00	0.000000e+00
1.080000e+03	1.110000e+03	1.799917e-10	1.799917e-10	1.799917e-10
1.110000e+03	1.140000e+03	0.000000e+00	0.000000e+00	0.000000e+00
1.140000e+03	1.170000e+03	1.799917e-10	1.799917e-10	1.799917e-10
1.170000e+03	1.200000e+03	0.000000e+00	0.000000e+00	0.000000e+00
# END HISTO1D


# BEGIN HISTO1D //nfs/dust/atlas/group/top/BS4Tops/r21/atlas-run3-multitops-bsm-joboptions/output/100022_13000GeV_353862/Rivet.yoda.gz/tttt_ttH_1LOS/Inclusive_lep0Pt_2
ErrorBars=1
LineColor=blue
LineStyle=solid
Path=//nfs/dust/atlas/group/top/BS4Tops/r21/atlas-run3-multitops-bsm-joboptions/output/100022_13000GeV_353862/Rivet.yoda.gz/tttt_ttH_1LOS/Inclusive_lep0Pt_2
ScaledBy=9.99999999999971859e-05
Title=SM tttt (LO)
# xlow	 xhigh	 val	 errminus	 errplus
0.000000e+00	3.000000e+01	2.943957e-05	8.180816e-07	8.180816e-07
3.000000e+01	6.000000e+01	4.355693e-05	9.950835e-07	9.950835e-07
6.000000e+01	9.000000e+01	2.896218e-05	8.114215e-07	8.114215e-07
9.000000e+01	1.200000e+02	1.743641e-05	6.295924e-07	6.295924e-07
1.200000e+02	1.500000e+02	1.059370e-05	4.907437e-07	4.907437e-07
1.500000e+02	1.800000e+02	6.228913e-06	3.763025e-07	3.763025e-07
1.800000e+02	2.100000e+02	3.864653e-06	2.964055e-07	2.964055e-07
2.100000e+02	2.400000e+02	2.477926e-06	2.373422e-07	2.373422e-07
2.400000e+02	2.700000e+02	1.273063e-06	1.701202e-07	1.701202e-07
2.700000e+02	3.000000e+02	1.000264e-06	1.507954e-07	1.507954e-07
3.000000e+02	3.300000e+02	5.910647e-07	1.159174e-07	1.159174e-07
3.300000e+02	3.600000e+02	4.091987e-07	9.644906e-08	9.644906e-08
3.600000e+02	3.900000e+02	4.319320e-07	9.909199e-08	9.909199e-08
3.900000e+02	4.200000e+02	1.136663e-07	5.083311e-08	5.083311e-08
4.200000e+02	4.500000e+02	6.819980e-08	3.937516e-08	3.937516e-08
4.500000e+02	4.800000e+02	1.591328e-07	6.014656e-08	6.014656e-08
4.800000e+02	5.100000e+02	4.546653e-08	3.214969e-08	3.214969e-08
5.100000e+02	5.400000e+02	0.000000e+00	0.000000e+00	0.000000e+00
5.400000e+02	5.700000e+02	0.000000e+00	0.000000e+00	0.000000e+00
5.700000e+02	6.000000e+02	0.000000e+00	0.000000e+00	0.000000e+00
6.000000e+02	6.300000e+02	4.546653e-08	3.214969e-08	3.214969e-08
6.300000e+02	6.600000e+02	0.000000e+00	0.000000e+00	0.000000e+00
6.600000e+02	6.900000e+02	0.000000e+00	0.000000e+00	0.000000e+00
6.900000e+02	7.200000e+02	0.000000e+00	0.000000e+00	0.000000e+00
7.200000e+02	7.500000e+02	2.273326e-08	2.273326e-08	2.273326e-08
7.500000e+02	7.800000e+02	0.000000e+00	0.000000e+00	0.000000e+00
7.800000e+02	8.100000e+02	0.000000e+00	0.000000e+00	0.000000e+00
8.100000e+02	8.400000e+02	0.000000e+00	0.000000e+00	0.000000e+00
8.400000e+02	8.700000e+02	0.000000e+00	0.000000e+00	0.000000e+00
8.700000e+02	9.000000e+02	0.000000e+00	0.000000e+00	0.000000e+00
9.000000e+02	9.300000e+02	0.000000e+00	0.000000e+00	0.000000e+00
9.300000e+02	9.600000e+02	0.000000e+00	0.000000e+00	0.000000e+00
9.600000e+02	9.900000e+02	0.000000e+00	0.000000e+00	0.000000e+00
9.900000e+02	1.020000e+03	0.000000e+00	0.000000e+00	0.000000e+00
1.020000e+03	1.050000e+03	0.000000e+00	0.000000e+00	0.000000e+00
1.050000e+03	1.080000e+03	0.000000e+00	0.000000e+00	0.000000e+00
1.080000e+03	1.110000e+03	0.000000e+00	0.000000e+00	0.000000e+00
1.110000e+03	1.140000e+03	0.000000e+00	0.000000e+00	0.000000e+00
1.140000e+03	1.170000e+03	0.000000e+00	0.000000e+00	0.000000e+00
1.170000e+03	1.200000e+03	0.000000e+00	0.000000e+00	0.000000e+00
# END HISTO1D

