# BEGIN PLOT
LegendOnly=//nfs/dust/atlas/group/top/BS4Tops/r21/atlas-run3-multitops-bsm-joboptions/output/100016_13000GeV_474792/Rivet.yoda.gz/tttt_ttH_1LOS/Inclusive_mu0Pt_15GeV //nfs/dust/atlas/group/top/BS4Tops/r21/atlas-run3-multitops-bsm-joboptions/output/100022_13000GeV_353862/Rivet.yoda.gz/tttt_ttH_1LOS/Inclusive_mu0Pt_15GeV
DrawOnly=//nfs/dust/atlas/group/top/BS4Tops/r21/atlas-run3-multitops-bsm-joboptions/output/100016_13000GeV_474792/Rivet.yoda.gz/tttt_ttH_1LOS/Inclusive_mu0Pt_15GeV //nfs/dust/atlas/group/top/BS4Tops/r21/atlas-run3-multitops-bsm-joboptions/output/100022_13000GeV_353862/Rivet.yoda.gz/tttt_ttH_1LOS/Inclusive_mu0Pt_15GeV
RatioPlotReference=//nfs/dust/atlas/group/top/BS4Tops/r21/atlas-run3-multitops-bsm-joboptions/output/100016_13000GeV_474792/Rivet.yoda.gz/tttt_ttH_1LOS/Inclusive_mu0Pt_15GeV
RatioPlot=1
LogY=1
RatioPlotYLabel=Ratio
Legend=1
# END PLOT

# BEGIN HISTO1D //nfs/dust/atlas/group/top/BS4Tops/r21/atlas-run3-multitops-bsm-joboptions/output/100016_13000GeV_474792/Rivet.yoda.gz/tttt_ttH_1LOS/Inclusive_mu0Pt_15GeV
ErrorBars=1
LineColor=red
LineStyle=solid
Path=//nfs/dust/atlas/group/top/BS4Tops/r21/atlas-run3-multitops-bsm-joboptions/output/100016_13000GeV_474792/Rivet.yoda.gz/tttt_ttH_1LOS/Inclusive_mu0Pt_15GeV
ScaledBy=3.11817898347342844e-04
Title=ttH(tt) 2.6 TeV
# xlow	 xhigh	 val	 errminus	 errplus
0.000000e+00	1.500000e+01	0.000000e+00	0.000000e+00	0.000000e+00
1.500000e+01	3.000000e+01	8.125760e-08	5.745780e-09	5.745780e-09
3.000000e+01	4.500000e+01	6.947527e-08	5.312905e-09	5.312905e-09
4.500000e+01	6.000000e+01	6.053691e-08	4.959377e-09	4.959377e-09
6.000000e+01	7.500000e+01	5.484888e-08	4.720640e-09	4.720640e-09
7.500000e+01	9.000000e+01	4.184767e-08	4.123373e-09	4.123373e-09
9.000000e+01	1.050000e+02	3.534705e-08	3.789602e-09	3.789602e-09
1.050000e+02	1.200000e+02	3.290933e-08	3.656592e-09	3.656592e-09
1.200000e+02	1.350000e+02	1.950183e-08	2.814846e-09	2.814846e-09
1.350000e+02	1.500000e+02	2.112697e-08	2.929784e-09	2.929784e-09
1.500000e+02	1.650000e+02	1.950183e-08	2.814846e-09	2.814846e-09
1.650000e+02	1.800000e+02	1.218864e-08	2.225331e-09	2.225331e-09
1.800000e+02	1.950000e+02	1.706409e-08	2.633047e-09	2.633047e-09
1.950000e+02	2.100000e+02	1.300121e-08	2.298312e-09	2.298312e-09
2.100000e+02	2.250000e+02	9.750913e-09	1.990396e-09	1.990396e-09
2.250000e+02	2.400000e+02	8.532047e-09	1.861845e-09	1.861845e-09
2.400000e+02	2.550000e+02	7.719473e-09	1.770968e-09	1.770968e-09
2.550000e+02	2.700000e+02	8.125760e-09	1.816975e-09	1.816975e-09
2.700000e+02	2.850000e+02	9.344627e-09	1.948489e-09	1.948489e-09
2.850000e+02	3.000000e+02	8.938333e-09	1.905660e-09	1.905660e-09
# END HISTO1D


# BEGIN HISTO1D //nfs/dust/atlas/group/top/BS4Tops/r21/atlas-run3-multitops-bsm-joboptions/output/100022_13000GeV_353862/Rivet.yoda.gz/tttt_ttH_1LOS/Inclusive_mu0Pt_15GeV
ErrorBars=1
LineColor=blue
LineStyle=solid
Path=//nfs/dust/atlas/group/top/BS4Tops/r21/atlas-run3-multitops-bsm-joboptions/output/100022_13000GeV_353862/Rivet.yoda.gz/tttt_ttH_1LOS/Inclusive_mu0Pt_15GeV
ScaledBy=9.99999999999971859e-05
Title=SM tttt (LO)
# xlow	 xhigh	 val	 errminus	 errplus
0.000000e+00	1.500000e+01	0.000000e+00	0.000000e+00	0.000000e+00
1.500000e+01	3.000000e+01	3.209937e-05	1.208076e-06	1.208076e-06
3.000000e+01	4.500000e+01	2.891671e-05	1.146622e-06	1.146622e-06
4.500000e+01	6.000000e+01	2.437006e-05	1.052626e-06	1.052626e-06
6.000000e+01	7.500000e+01	1.950514e-05	9.417169e-07	9.417169e-07
7.500000e+01	9.000000e+01	1.423102e-05	8.043849e-07	8.043849e-07
9.000000e+01	1.050000e+02	1.254876e-05	7.553466e-07	7.553466e-07
1.050000e+02	1.200000e+02	7.320113e-06	5.769055e-07	5.769055e-07
1.200000e+02	1.350000e+02	7.274647e-06	5.751111e-07	5.751111e-07
1.350000e+02	1.500000e+02	4.773985e-06	4.658932e-07	4.658932e-07
1.500000e+02	1.650000e+02	3.591855e-06	4.041153e-07	4.041153e-07
1.650000e+02	1.800000e+02	3.228123e-06	3.831078e-07	3.831078e-07
1.800000e+02	1.950000e+02	1.864127e-06	2.911278e-07	2.911278e-07
1.950000e+02	2.100000e+02	1.636795e-06	2.727992e-07	2.727992e-07
2.100000e+02	2.250000e+02	1.227596e-06	2.362510e-07	2.362510e-07
2.250000e+02	2.400000e+02	1.500395e-06	2.611853e-07	2.611853e-07
2.400000e+02	2.550000e+02	5.910648e-07	1.639319e-07	1.639319e-07
2.550000e+02	2.700000e+02	6.365313e-07	1.701202e-07	1.701202e-07
2.700000e+02	2.850000e+02	6.365313e-07	1.701202e-07	1.701202e-07
2.850000e+02	3.000000e+02	6.365313e-07	1.701202e-07	1.701202e-07
# END HISTO1D

