# BEGIN PLOT
LegendOnly=//nfs/dust/atlas/group/top/BS4Tops/r21/atlas-run3-multitops-bsm-joboptions/output/100016_13000GeV_474792/Rivet.yoda.gz/tttt_ttH_1LOS/Inclusive_e0Pt_15GeV_2 //nfs/dust/atlas/group/top/BS4Tops/r21/atlas-run3-multitops-bsm-joboptions/output/100022_13000GeV_353862/Rivet.yoda.gz/tttt_ttH_1LOS/Inclusive_e0Pt_15GeV_2
DrawOnly=//nfs/dust/atlas/group/top/BS4Tops/r21/atlas-run3-multitops-bsm-joboptions/output/100016_13000GeV_474792/Rivet.yoda.gz/tttt_ttH_1LOS/Inclusive_e0Pt_15GeV_2 //nfs/dust/atlas/group/top/BS4Tops/r21/atlas-run3-multitops-bsm-joboptions/output/100022_13000GeV_353862/Rivet.yoda.gz/tttt_ttH_1LOS/Inclusive_e0Pt_15GeV_2
RatioPlotReference=//nfs/dust/atlas/group/top/BS4Tops/r21/atlas-run3-multitops-bsm-joboptions/output/100016_13000GeV_474792/Rivet.yoda.gz/tttt_ttH_1LOS/Inclusive_e0Pt_15GeV_2
RatioPlot=1
LogY=1
RatioPlotYLabel=Ratio
Legend=1
# END PLOT

# BEGIN HISTO1D //nfs/dust/atlas/group/top/BS4Tops/r21/atlas-run3-multitops-bsm-joboptions/output/100016_13000GeV_474792/Rivet.yoda.gz/tttt_ttH_1LOS/Inclusive_e0Pt_15GeV_2
ErrorBars=1
LineColor=red
LineStyle=solid
Path=//nfs/dust/atlas/group/top/BS4Tops/r21/atlas-run3-multitops-bsm-joboptions/output/100016_13000GeV_474792/Rivet.yoda.gz/tttt_ttH_1LOS/Inclusive_e0Pt_15GeV_2
ScaledBy=3.11817898347342844e-04
Title=ttH(tt) 2.6 TeV
# xlow	 xhigh	 val	 errminus	 errplus
0.000000e+00	3.000000e+01	4.042567e-08	2.865699e-09	2.865699e-09
3.000000e+01	6.000000e+01	6.399037e-08	3.605448e-09	3.605448e-09
6.000000e+01	9.000000e+01	5.098913e-08	3.218406e-09	3.218406e-09
9.000000e+01	1.200000e+02	3.128418e-08	2.520951e-09	2.520951e-09
1.200000e+02	1.500000e+02	2.844016e-08	2.403632e-09	2.403632e-09
1.500000e+02	1.800000e+02	2.133012e-08	2.081606e-09	2.081606e-09
1.800000e+02	2.100000e+02	1.503266e-08	1.747511e-09	1.747511e-09
2.100000e+02	2.400000e+02	9.547767e-09	1.392685e-09	1.392685e-09
2.400000e+02	2.700000e+02	9.141480e-09	1.362731e-09	1.362731e-09
2.700000e+02	3.000000e+02	6.703753e-09	1.166973e-09	1.166973e-09
3.000000e+02	3.300000e+02	5.281743e-09	1.035835e-09	1.035835e-09
3.300000e+02	3.600000e+02	3.453447e-09	8.375842e-10	8.375842e-10
3.600000e+02	3.900000e+02	3.656593e-09	8.618670e-10	8.618670e-10
3.900000e+02	4.200000e+02	3.453447e-09	8.375842e-10	8.375842e-10
4.200000e+02	4.500000e+02	2.031440e-09	6.423978e-10	6.423978e-10
4.500000e+02	4.800000e+02	1.828296e-09	6.094320e-10	6.094320e-10
4.800000e+02	5.100000e+02	1.218864e-09	4.975991e-10	4.975991e-10
5.100000e+02	5.400000e+02	2.031440e-09	6.423978e-10	6.423978e-10
5.400000e+02	5.700000e+02	8.125760e-10	4.062879e-10	4.062879e-10
5.700000e+02	6.000000e+02	1.422008e-09	5.374684e-10	5.374684e-10
6.000000e+02	6.300000e+02	8.125760e-10	4.062879e-10	4.062879e-10
6.300000e+02	6.600000e+02	1.015720e-09	4.542438e-10	4.542438e-10
6.600000e+02	6.900000e+02	1.015720e-09	4.542438e-10	4.542438e-10
6.900000e+02	7.200000e+02	6.094320e-10	3.518557e-10	3.518557e-10
7.200000e+02	7.500000e+02	2.031440e-10	2.031440e-10	2.031440e-10
7.500000e+02	7.800000e+02	2.031440e-10	2.031440e-10	2.031440e-10
7.800000e+02	8.100000e+02	6.094320e-10	3.518557e-10	3.518557e-10
8.100000e+02	8.400000e+02	2.031440e-10	2.031440e-10	2.031440e-10
8.400000e+02	8.700000e+02	2.031440e-10	2.031440e-10	2.031440e-10
8.700000e+02	9.000000e+02	2.031440e-10	2.031440e-10	2.031440e-10
9.000000e+02	9.300000e+02	4.062880e-10	2.872890e-10	2.872890e-10
9.300000e+02	9.600000e+02	4.062880e-10	2.872890e-10	2.872890e-10
9.600000e+02	9.900000e+02	2.031440e-10	2.031440e-10	2.031440e-10
9.900000e+02	1.020000e+03	4.062880e-10	2.872890e-10	2.872890e-10
1.020000e+03	1.050000e+03	2.031440e-10	2.031440e-10	2.031440e-10
1.050000e+03	1.080000e+03	2.031440e-10	2.031440e-10	2.031440e-10
1.080000e+03	1.110000e+03	0.000000e+00	0.000000e+00	0.000000e+00
1.110000e+03	1.140000e+03	0.000000e+00	0.000000e+00	0.000000e+00
1.140000e+03	1.170000e+03	2.031440e-10	2.031440e-10	2.031440e-10
1.170000e+03	1.200000e+03	2.031440e-10	2.031440e-10	2.031440e-10
# END HISTO1D


# BEGIN HISTO1D //nfs/dust/atlas/group/top/BS4Tops/r21/atlas-run3-multitops-bsm-joboptions/output/100022_13000GeV_353862/Rivet.yoda.gz/tttt_ttH_1LOS/Inclusive_e0Pt_15GeV_2
ErrorBars=1
LineColor=blue
LineStyle=solid
Path=//nfs/dust/atlas/group/top/BS4Tops/r21/atlas-run3-multitops-bsm-joboptions/output/100022_13000GeV_353862/Rivet.yoda.gz/tttt_ttH_1LOS/Inclusive_e0Pt_15GeV_2
ScaledBy=9.99999999999971859e-05
Title=SM tttt (LO)
# xlow	 xhigh	 val	 errminus	 errplus
0.000000e+00	3.000000e+01	1.623155e-05	6.074505e-07	6.074505e-07
3.000000e+01	6.000000e+01	2.712078e-05	7.852030e-07	7.852030e-07
6.000000e+01	9.000000e+01	1.564048e-05	5.962879e-07	5.962879e-07
9.000000e+01	1.200000e+02	8.661373e-06	4.437355e-07	4.437355e-07
1.200000e+02	1.500000e+02	5.024050e-06	3.379543e-07	3.379543e-07
1.500000e+02	1.800000e+02	2.955324e-06	2.591991e-07	2.591991e-07
1.800000e+02	2.100000e+02	2.273326e-06	2.273326e-07	2.273326e-07
2.100000e+02	2.400000e+02	1.159396e-06	1.623480e-07	1.623480e-07
2.400000e+02	2.700000e+02	6.819980e-07	1.245152e-07	1.245152e-07
2.700000e+02	3.000000e+02	3.637323e-07	9.093305e-08	9.093305e-08
3.000000e+02	3.300000e+02	2.727991e-07	7.875033e-08	7.875033e-08
3.300000e+02	3.600000e+02	1.818661e-07	6.429938e-08	6.429938e-08
3.600000e+02	3.900000e+02	1.363996e-07	5.568489e-08	5.568489e-08
3.900000e+02	4.200000e+02	4.546653e-08	3.214969e-08	3.214969e-08
4.200000e+02	4.500000e+02	6.819980e-08	3.937516e-08	3.937516e-08
4.500000e+02	4.800000e+02	4.546653e-08	3.214969e-08	3.214969e-08
4.800000e+02	5.100000e+02	4.546653e-08	3.214969e-08	3.214969e-08
5.100000e+02	5.400000e+02	0.000000e+00	0.000000e+00	0.000000e+00
5.400000e+02	5.700000e+02	0.000000e+00	0.000000e+00	0.000000e+00
5.700000e+02	6.000000e+02	0.000000e+00	0.000000e+00	0.000000e+00
6.000000e+02	6.300000e+02	4.546653e-08	3.214969e-08	3.214969e-08
6.300000e+02	6.600000e+02	0.000000e+00	0.000000e+00	0.000000e+00
6.600000e+02	6.900000e+02	0.000000e+00	0.000000e+00	0.000000e+00
6.900000e+02	7.200000e+02	0.000000e+00	0.000000e+00	0.000000e+00
7.200000e+02	7.500000e+02	0.000000e+00	0.000000e+00	0.000000e+00
7.500000e+02	7.800000e+02	0.000000e+00	0.000000e+00	0.000000e+00
7.800000e+02	8.100000e+02	0.000000e+00	0.000000e+00	0.000000e+00
8.100000e+02	8.400000e+02	0.000000e+00	0.000000e+00	0.000000e+00
8.400000e+02	8.700000e+02	0.000000e+00	0.000000e+00	0.000000e+00
8.700000e+02	9.000000e+02	0.000000e+00	0.000000e+00	0.000000e+00
9.000000e+02	9.300000e+02	0.000000e+00	0.000000e+00	0.000000e+00
9.300000e+02	9.600000e+02	0.000000e+00	0.000000e+00	0.000000e+00
9.600000e+02	9.900000e+02	0.000000e+00	0.000000e+00	0.000000e+00
9.900000e+02	1.020000e+03	0.000000e+00	0.000000e+00	0.000000e+00
1.020000e+03	1.050000e+03	0.000000e+00	0.000000e+00	0.000000e+00
1.050000e+03	1.080000e+03	0.000000e+00	0.000000e+00	0.000000e+00
1.080000e+03	1.110000e+03	0.000000e+00	0.000000e+00	0.000000e+00
1.110000e+03	1.140000e+03	0.000000e+00	0.000000e+00	0.000000e+00
1.140000e+03	1.170000e+03	0.000000e+00	0.000000e+00	0.000000e+00
1.170000e+03	1.200000e+03	0.000000e+00	0.000000e+00	0.000000e+00
# END HISTO1D

