# BEGIN PLOT
LegendOnly=//nfs/dust/atlas/group/top/BS4Tops/r21/atlas-run3-multitops-bsm-joboptions/output/100017_13000GeV_121309/Rivet.yoda.gz/tttt_ttH_1LOS/Inclusive_HT_2 //nfs/dust/atlas/group/top/BS4Tops/r21/atlas-run3-multitops-bsm-joboptions/output/100022_13000GeV_353862/Rivet.yoda.gz/tttt_ttH_1LOS/Inclusive_HT_2
DrawOnly=//nfs/dust/atlas/group/top/BS4Tops/r21/atlas-run3-multitops-bsm-joboptions/output/100017_13000GeV_121309/Rivet.yoda.gz/tttt_ttH_1LOS/Inclusive_HT_2 //nfs/dust/atlas/group/top/BS4Tops/r21/atlas-run3-multitops-bsm-joboptions/output/100022_13000GeV_353862/Rivet.yoda.gz/tttt_ttH_1LOS/Inclusive_HT_2
RatioPlotReference=//nfs/dust/atlas/group/top/BS4Tops/r21/atlas-run3-multitops-bsm-joboptions/output/100017_13000GeV_121309/Rivet.yoda.gz/tttt_ttH_1LOS/Inclusive_HT_2
RatioPlot=1
LogY=1
RatioPlotYLabel=Ratio
Legend=1
# END PLOT

# BEGIN HISTO1D //nfs/dust/atlas/group/top/BS4Tops/r21/atlas-run3-multitops-bsm-joboptions/output/100017_13000GeV_121309/Rivet.yoda.gz/tttt_ttH_1LOS/Inclusive_HT_2
ErrorBars=1
LineColor=red
LineStyle=solid
Path=//nfs/dust/atlas/group/top/BS4Tops/r21/atlas-run3-multitops-bsm-joboptions/output/100017_13000GeV_121309/Rivet.yoda.gz/tttt_ttH_1LOS/Inclusive_HT_2
ScaledBy=3.72995151063002157e-04
Title=ttH(tt) 2.7 TeV
# xlow	 xhigh	 val	 errminus	 errplus
0.000000e+00	2.000000e+02	0.000000e+00	0.000000e+00	0.000000e+00
2.000000e+02	4.000000e+02	3.782452e-10	1.049064e-10	1.049064e-10
4.000000e+02	6.000000e+02	2.182184e-09	2.519769e-10	2.519769e-10
6.000000e+02	8.000000e+02	5.993735e-09	4.176031e-10	4.176031e-10
8.000000e+02	1.000000e+03	7.710385e-09	4.736451e-10	4.736451e-10
1.000000e+03	1.200000e+03	7.361235e-09	4.627969e-10	4.627969e-10
1.200000e+03	1.400000e+03	6.779320e-09	4.441279e-10	4.441279e-10
1.400000e+03	1.600000e+03	4.917188e-09	3.782453e-10	3.782453e-10
1.600000e+03	1.800000e+03	4.829901e-09	3.748730e-10	3.748730e-10
1.800000e+03	2.000000e+03	4.480751e-09	3.610692e-10	3.610692e-10
2.000000e+03	2.200000e+03	5.149955e-09	3.870943e-10	3.870943e-10
2.200000e+03	2.400000e+03	4.742613e-09	3.714702e-10	3.714702e-10
2.400000e+03	2.600000e+03	5.760965e-09	4.094140e-10	4.094140e-10
2.600000e+03	2.800000e+03	4.568039e-09	3.645692e-10	3.645692e-10
2.800000e+03	3.000000e+03	4.626231e-09	3.668839e-10	3.668839e-10
3.000000e+03	3.200000e+03	2.996866e-09	2.952900e-10	2.952900e-10
3.200000e+03	3.400000e+03	1.774843e-09	2.272454e-10	2.272454e-10
3.400000e+03	3.600000e+03	1.309310e-09	1.951805e-10	1.951805e-10
3.600000e+03	3.800000e+03	1.018353e-09	1.721330e-10	1.721330e-10
3.800000e+03	4.000000e+03	6.401075e-10	1.364713e-10	1.364713e-10
4.000000e+03	4.200000e+03	3.200537e-10	9.649982e-11	9.649982e-11
4.200000e+03	4.400000e+03	8.728735e-11	5.039539e-11	5.039539e-11
4.400000e+03	4.600000e+03	1.163831e-10	5.819158e-11	5.819158e-11
4.600000e+03	4.800000e+03	5.819160e-11	4.114766e-11	4.114766e-11
4.800000e+03	5.000000e+03	5.819160e-11	4.114766e-11	4.114766e-11
5.000000e+03	5.200000e+03	8.728735e-11	5.039539e-11	5.039539e-11
5.200000e+03	5.400000e+03	2.909579e-11	2.909579e-11	2.909579e-11
5.400000e+03	5.600000e+03	2.909579e-11	2.909579e-11	2.909579e-11
5.600000e+03	5.800000e+03	0.000000e+00	0.000000e+00	0.000000e+00
5.800000e+03	6.000000e+03	0.000000e+00	0.000000e+00	0.000000e+00
# END HISTO1D


# BEGIN HISTO1D //nfs/dust/atlas/group/top/BS4Tops/r21/atlas-run3-multitops-bsm-joboptions/output/100022_13000GeV_353862/Rivet.yoda.gz/tttt_ttH_1LOS/Inclusive_HT_2
ErrorBars=1
LineColor=blue
LineStyle=solid
Path=//nfs/dust/atlas/group/top/BS4Tops/r21/atlas-run3-multitops-bsm-joboptions/output/100022_13000GeV_353862/Rivet.yoda.gz/tttt_ttH_1LOS/Inclusive_HT_2
ScaledBy=9.99999999999971859e-05
Title=SM tttt (LO)
# xlow	 xhigh	 val	 errminus	 errplus
0.000000e+00	2.000000e+02	3.409989e-09	3.409989e-09	3.409989e-09
2.000000e+02	4.000000e+02	6.683580e-07	4.773985e-08	4.773985e-08
4.000000e+02	6.000000e+02	4.913794e-06	1.294449e-07	1.294449e-07
6.000000e+02	8.000000e+02	9.166050e-06	1.767940e-07	1.767940e-07
8.000000e+02	1.000000e+03	7.877075e-06	1.638925e-07	1.638925e-07
1.000000e+03	1.200000e+03	4.896745e-06	1.292202e-07	1.292202e-07
1.200000e+03	1.400000e+03	2.932591e-06	1.000005e-07	1.000005e-07
1.400000e+03	1.600000e+03	1.612925e-06	7.416237e-08	7.416237e-08
1.600000e+03	1.800000e+03	9.275170e-07	5.623898e-08	5.623898e-08
1.800000e+03	2.000000e+03	5.285485e-07	4.245403e-08	4.245403e-08
2.000000e+03	2.200000e+03	2.455192e-07	2.893472e-08	2.893472e-08
2.200000e+03	2.400000e+03	1.670895e-07	2.386992e-08	2.386992e-08
2.400000e+03	2.600000e+03	6.819980e-08	1.524994e-08	1.524994e-08
2.600000e+03	2.800000e+03	3.750988e-08	1.130966e-08	1.130966e-08
2.800000e+03	3.000000e+03	2.727991e-08	9.644907e-09	9.644907e-09
3.000000e+03	3.200000e+03	6.819980e-09	4.822453e-09	4.822453e-09
3.200000e+03	3.400000e+03	1.704994e-08	7.624967e-09	7.624967e-09
3.400000e+03	3.600000e+03	0.000000e+00	0.000000e+00	0.000000e+00
3.600000e+03	3.800000e+03	3.409989e-09	3.409989e-09	3.409989e-09
3.800000e+03	4.000000e+03	0.000000e+00	0.000000e+00	0.000000e+00
4.000000e+03	4.200000e+03	0.000000e+00	0.000000e+00	0.000000e+00
4.200000e+03	4.400000e+03	0.000000e+00	0.000000e+00	0.000000e+00
4.400000e+03	4.600000e+03	0.000000e+00	0.000000e+00	0.000000e+00
4.600000e+03	4.800000e+03	0.000000e+00	0.000000e+00	0.000000e+00
4.800000e+03	5.000000e+03	0.000000e+00	0.000000e+00	0.000000e+00
5.000000e+03	5.200000e+03	0.000000e+00	0.000000e+00	0.000000e+00
5.200000e+03	5.400000e+03	0.000000e+00	0.000000e+00	0.000000e+00
5.400000e+03	5.600000e+03	0.000000e+00	0.000000e+00	0.000000e+00
5.600000e+03	5.800000e+03	0.000000e+00	0.000000e+00	0.000000e+00
5.800000e+03	6.000000e+03	0.000000e+00	0.000000e+00	0.000000e+00
# END HISTO1D

