# BEGIN PLOT
LegendOnly=//nfs/dust/atlas/group/top/BS4Tops/r21/atlas-run3-multitops-bsm-joboptions/output/100013_13000GeV_353521/Rivet.yoda.gz/tttt_ttH/Inclusive_pT_ttbar12 //nfs/dust/atlas/group/top/BS4Tops/r21/atlas-run3-multitops-bsm-joboptions/output/100022_13000GeV_353862/Rivet.yoda.gz/tttt_ttH/Inclusive_pT_ttbar12
DrawOnly=//nfs/dust/atlas/group/top/BS4Tops/r21/atlas-run3-multitops-bsm-joboptions/output/100013_13000GeV_353521/Rivet.yoda.gz/tttt_ttH/Inclusive_pT_ttbar12 //nfs/dust/atlas/group/top/BS4Tops/r21/atlas-run3-multitops-bsm-joboptions/output/100022_13000GeV_353862/Rivet.yoda.gz/tttt_ttH/Inclusive_pT_ttbar12
RatioPlotReference=//nfs/dust/atlas/group/top/BS4Tops/r21/atlas-run3-multitops-bsm-joboptions/output/100013_13000GeV_353521/Rivet.yoda.gz/tttt_ttH/Inclusive_pT_ttbar12
RatioPlot=1
LogY=1
RatioPlotYLabel=Ratio
Legend=1
# END PLOT

# BEGIN HISTO1D //nfs/dust/atlas/group/top/BS4Tops/r21/atlas-run3-multitops-bsm-joboptions/output/100013_13000GeV_353521/Rivet.yoda.gz/tttt_ttH/Inclusive_pT_ttbar12
ErrorBars=1
LineColor=red
LineStyle=solid
Path=//nfs/dust/atlas/group/top/BS4Tops/r21/atlas-run3-multitops-bsm-joboptions/output/100013_13000GeV_353521/Rivet.yoda.gz/tttt_ttH/Inclusive_pT_ttbar12
ScaledBy=1.00000000000023220e-04
Title=ttH(tt) 2.3 TeV
# xlow	 xhigh	 val	 errminus	 errplus
0.000000e+00	4.000000e+01	2.292466e-08	1.538602e-09	1.538602e-09
4.000000e+01	8.000000e+01	5.514310e-08	2.386275e-09	2.386275e-09
8.000000e+01	1.200000e+02	8.261138e-08	2.920753e-09	2.920753e-09
1.200000e+02	1.600000e+02	9.200843e-08	3.082398e-09	3.082398e-09
1.600000e+02	2.000000e+02	9.200843e-08	3.082398e-09	3.082398e-09
2.000000e+02	2.400000e+02	9.469328e-08	3.127048e-09	3.127048e-09
2.400000e+02	2.800000e+02	8.963335e-08	3.042354e-09	3.042354e-09
2.800000e+02	3.200000e+02	7.703510e-08	2.820455e-09	2.820455e-09
3.200000e+02	3.600000e+02	6.960007e-08	2.680895e-09	2.680895e-09
3.600000e+02	4.000000e+02	5.741490e-08	2.434934e-09	2.434934e-09
4.000000e+02	4.400000e+02	5.462677e-08	2.375077e-09	2.375077e-09
4.400000e+02	4.800000e+02	4.027305e-08	2.039305e-09	2.039305e-09
4.800000e+02	5.200000e+02	3.769145e-08	1.972860e-09	1.972860e-09
5.200000e+02	5.600000e+02	2.881072e-08	1.724853e-09	1.724853e-09
5.600000e+02	6.000000e+02	2.313118e-08	1.545517e-09	1.545517e-09
6.000000e+02	6.400000e+02	2.075611e-08	1.464023e-09	1.464023e-09
6.400000e+02	6.800000e+02	1.755492e-08	1.346401e-09	1.346401e-09
6.800000e+02	7.200000e+02	1.404393e-08	1.204257e-09	1.204257e-09
7.200000e+02	7.600000e+02	1.187539e-08	1.107385e-09	1.107385e-09
7.600000e+02	8.000000e+02	8.364403e-09	9.293778e-10	9.293778e-10
8.000000e+02	8.400000e+02	8.983988e-09	9.631845e-10	9.631845e-10
8.400000e+02	8.800000e+02	6.299118e-09	8.065191e-10	8.065191e-10
8.800000e+02	9.200000e+02	5.266475e-09	7.374540e-10	7.374540e-10
9.200000e+02	9.600000e+02	4.337097e-09	6.692286e-10	6.692286e-10
9.600000e+02	1.000000e+03	4.130568e-09	6.531003e-10	6.531003e-10
# END HISTO1D


# BEGIN HISTO1D //nfs/dust/atlas/group/top/BS4Tops/r21/atlas-run3-multitops-bsm-joboptions/output/100022_13000GeV_353862/Rivet.yoda.gz/tttt_ttH/Inclusive_pT_ttbar12
ErrorBars=1
LineColor=blue
LineStyle=solid
Path=//nfs/dust/atlas/group/top/BS4Tops/r21/atlas-run3-multitops-bsm-joboptions/output/100022_13000GeV_353862/Rivet.yoda.gz/tttt_ttH/Inclusive_pT_ttbar12
ScaledBy=9.99999999999971859e-05
Title=SM tttt (LO)
# xlow	 xhigh	 val	 errminus	 errplus
0.000000e+00	4.000000e+01	1.350356e-05	4.798280e-07	4.798280e-07
4.000000e+01	8.000000e+01	2.864390e-05	6.988398e-07	6.988398e-07
8.000000e+01	1.200000e+02	3.203685e-05	7.390714e-07	7.390714e-07
1.200000e+02	1.600000e+02	2.792780e-05	6.900490e-07	6.900490e-07
1.600000e+02	2.000000e+02	2.197738e-05	6.121382e-07	6.121382e-07
2.000000e+02	2.400000e+02	1.616335e-05	5.249612e-07	5.249612e-07
2.400000e+02	2.800000e+02	1.113362e-05	4.356921e-07	4.356921e-07
2.800000e+02	3.200000e+02	6.478980e-06	3.323646e-07	3.323646e-07
3.200000e+02	3.600000e+02	4.228388e-06	2.685028e-07	2.685028e-07
3.600000e+02	4.000000e+02	2.966690e-06	2.249042e-07	2.249042e-07
4.000000e+02	4.400000e+02	2.148293e-06	1.913852e-07	1.913852e-07
4.400000e+02	4.800000e+02	1.193496e-06	1.426501e-07	1.426501e-07
4.800000e+02	5.200000e+02	6.990477e-07	1.091729e-07	1.091729e-07
5.200000e+02	5.600000e+02	5.285483e-07	9.493007e-08	9.493007e-08
5.600000e+02	6.000000e+02	2.898490e-07	7.029873e-08	7.029873e-08
6.000000e+02	6.400000e+02	1.875494e-07	5.654828e-08	5.654828e-08
6.400000e+02	6.800000e+02	1.704995e-07	5.391667e-08	5.391667e-08
6.800000e+02	7.200000e+02	3.409990e-08	2.411227e-08	2.411227e-08
7.200000e+02	7.600000e+02	1.704995e-08	1.704995e-08	1.704995e-08
7.600000e+02	8.000000e+02	5.114985e-08	2.953137e-08	2.953137e-08
8.000000e+02	8.400000e+02	3.409990e-08	2.411227e-08	2.411227e-08
8.400000e+02	8.800000e+02	3.409990e-08	2.411227e-08	2.411227e-08
8.800000e+02	9.200000e+02	0.000000e+00	0.000000e+00	0.000000e+00
9.200000e+02	9.600000e+02	0.000000e+00	0.000000e+00	0.000000e+00
9.600000e+02	1.000000e+03	0.000000e+00	0.000000e+00	0.000000e+00
# END HISTO1D

