# BEGIN PLOT
LegendOnly=//nfs/dust/atlas/group/top/BS4Tops/r21/atlas-run3-multitops-bsm-joboptions/output/100007_13000GeV_271516/Rivet.yoda.gz/tttt_ttH_1LOS/BaselineSR_jet0Pt_2 //nfs/dust/atlas/group/top/BS4Tops/r21/atlas-run3-multitops-bsm-joboptions/output/100022_13000GeV_353862/Rivet.yoda.gz/tttt_ttH_1LOS/BaselineSR_jet0Pt_2
DrawOnly=//nfs/dust/atlas/group/top/BS4Tops/r21/atlas-run3-multitops-bsm-joboptions/output/100007_13000GeV_271516/Rivet.yoda.gz/tttt_ttH_1LOS/BaselineSR_jet0Pt_2 //nfs/dust/atlas/group/top/BS4Tops/r21/atlas-run3-multitops-bsm-joboptions/output/100022_13000GeV_353862/Rivet.yoda.gz/tttt_ttH_1LOS/BaselineSR_jet0Pt_2
RatioPlotReference=//nfs/dust/atlas/group/top/BS4Tops/r21/atlas-run3-multitops-bsm-joboptions/output/100007_13000GeV_271516/Rivet.yoda.gz/tttt_ttH_1LOS/BaselineSR_jet0Pt_2
RatioPlot=1
LogY=1
RatioPlotYLabel=Ratio
Legend=1
# END PLOT

# BEGIN HISTO1D //nfs/dust/atlas/group/top/BS4Tops/r21/atlas-run3-multitops-bsm-joboptions/output/100007_13000GeV_271516/Rivet.yoda.gz/tttt_ttH_1LOS/BaselineSR_jet0Pt_2
ErrorBars=1
LineColor=red
LineStyle=solid
Path=//nfs/dust/atlas/group/top/BS4Tops/r21/atlas-run3-multitops-bsm-joboptions/output/100007_13000GeV_271516/Rivet.yoda.gz/tttt_ttH_1LOS/BaselineSR_jet0Pt_2
ScaledBy=1.00000000000006889e-04
Title=ttH(tt) 1.7 TeV
# xlow	 xhigh	 val	 errminus	 errplus
0.000000e+00	5.000000e+01	0.000000e+00	0.000000e+00	0.000000e+00
5.000000e+01	1.000000e+02	6.245192e-09	1.732105e-09	1.732105e-09
1.000000e+02	1.500000e+02	4.948114e-08	4.875522e-09	4.875522e-09
1.500000e+02	2.000000e+02	1.047271e-07	7.093013e-09	7.093013e-09
2.000000e+02	2.500000e+02	1.220215e-07	7.656307e-09	7.656307e-09
2.500000e+02	3.000000e+02	1.335510e-07	8.009859e-09	8.009859e-09
3.000000e+02	3.500000e+02	1.647770e-07	8.897123e-09	8.897123e-09
3.500000e+02	4.000000e+02	1.537278e-07	8.593646e-09	8.593646e-09
4.000000e+02	4.500000e+02	1.604534e-07	8.779620e-09	8.779620e-09
4.500000e+02	5.000000e+02	1.806302e-07	9.315291e-09	9.315291e-09
5.000000e+02	5.500000e+02	1.815910e-07	9.340032e-09	9.340032e-09
5.500000e+02	6.000000e+02	1.801498e-07	9.302894e-09	9.302894e-09
6.000000e+02	6.500000e+02	1.662182e-07	8.935945e-09	8.935945e-09
6.500000e+02	7.000000e+02	1.470022e-07	8.403559e-09	8.403559e-09
7.000000e+02	7.500000e+02	1.561298e-07	8.660524e-09	8.660524e-09
7.500000e+02	8.000000e+02	1.249039e-07	7.746209e-09	7.746209e-09
8.000000e+02	8.500000e+02	1.119331e-07	7.332980e-09	7.332980e-09
8.500000e+02	9.000000e+02	9.800148e-08	6.861475e-09	6.861475e-09
9.000000e+02	9.500000e+02	7.302072e-08	5.922762e-09	5.922762e-09
9.500000e+02	1.000000e+03	4.948114e-08	4.875522e-09	4.875522e-09
1.000000e+03	1.050000e+03	2.642196e-08	3.562738e-09	3.562738e-09
1.050000e+03	1.100000e+03	2.498078e-08	3.464210e-09	3.464210e-09
1.100000e+03	1.150000e+03	1.537278e-08	2.717550e-09	2.717550e-09
1.150000e+03	1.200000e+03	9.607988e-09	2.148412e-09	2.148412e-09
1.200000e+03	1.250000e+03	1.104919e-08	2.303915e-09	2.303915e-09
1.250000e+03	1.300000e+03	3.362796e-09	1.271017e-09	1.271017e-09
1.300000e+03	1.350000e+03	2.882396e-09	1.176733e-09	1.176733e-09
1.350000e+03	1.400000e+03	1.921598e-09	9.607988e-10	9.607988e-10
1.400000e+03	1.450000e+03	1.921598e-09	9.607988e-10	9.607988e-10
1.450000e+03	1.500000e+03	4.803994e-10	4.803995e-10	4.803995e-10
1.500000e+03	1.550000e+03	4.803994e-10	4.803995e-10	4.803995e-10
1.550000e+03	1.600000e+03	0.000000e+00	0.000000e+00	0.000000e+00
1.600000e+03	1.650000e+03	0.000000e+00	0.000000e+00	0.000000e+00
1.650000e+03	1.700000e+03	0.000000e+00	0.000000e+00	0.000000e+00
1.700000e+03	1.750000e+03	4.803994e-10	4.803995e-10	4.803995e-10
1.750000e+03	1.800000e+03	0.000000e+00	0.000000e+00	0.000000e+00
1.800000e+03	1.850000e+03	0.000000e+00	0.000000e+00	0.000000e+00
1.850000e+03	1.900000e+03	4.803994e-10	4.803995e-10	4.803995e-10
1.900000e+03	1.950000e+03	0.000000e+00	0.000000e+00	0.000000e+00
1.950000e+03	2.000000e+03	0.000000e+00	0.000000e+00	0.000000e+00
# END HISTO1D


# BEGIN HISTO1D //nfs/dust/atlas/group/top/BS4Tops/r21/atlas-run3-multitops-bsm-joboptions/output/100022_13000GeV_353862/Rivet.yoda.gz/tttt_ttH_1LOS/BaselineSR_jet0Pt_2
ErrorBars=1
LineColor=blue
LineStyle=solid
Path=//nfs/dust/atlas/group/top/BS4Tops/r21/atlas-run3-multitops-bsm-joboptions/output/100022_13000GeV_353862/Rivet.yoda.gz/tttt_ttH_1LOS/BaselineSR_jet0Pt_2
ScaledBy=9.99999999999971859e-05
Title=SM tttt (LO)
# xlow	 xhigh	 val	 errminus	 errplus
0.000000e+00	5.000000e+01	2.727992e-08	1.928981e-08	1.928981e-08
5.000000e+01	1.000000e+02	1.936874e-06	1.625388e-07	1.625388e-07
1.000000e+02	1.500000e+02	9.902608e-06	3.675203e-07	3.675203e-07
1.500000e+02	2.000000e+02	1.115748e-05	3.901123e-07	3.901123e-07
2.000000e+02	2.500000e+02	7.392856e-06	3.175504e-07	3.175504e-07
2.500000e+02	3.000000e+02	5.483262e-06	2.734803e-07	2.734803e-07
3.000000e+02	3.500000e+02	3.028070e-06	2.032308e-07	2.032308e-07
3.500000e+02	4.000000e+02	2.005074e-06	1.653757e-07	1.653757e-07
4.000000e+02	4.500000e+02	1.445835e-06	1.404319e-07	1.404319e-07
4.500000e+02	5.000000e+02	1.104837e-06	1.227596e-07	1.227596e-07
5.000000e+02	5.500000e+02	8.593174e-07	1.082638e-07	1.082638e-07
5.500000e+02	6.000000e+02	5.865182e-07	8.944319e-08	8.944319e-08
6.000000e+02	6.500000e+02	3.955588e-07	7.345341e-08	7.345341e-08
6.500000e+02	7.000000e+02	3.137190e-07	6.541492e-08	6.541492e-08
7.000000e+02	7.500000e+02	3.273590e-07	6.682188e-08	6.682188e-08
7.500000e+02	8.000000e+02	2.455192e-07	5.786944e-08	5.786944e-08
8.000000e+02	8.500000e+02	9.547970e-08	3.608794e-08	3.608794e-08
8.500000e+02	9.000000e+02	0.000000e+00	0.000000e+00	0.000000e+00
9.000000e+02	9.500000e+02	6.819978e-08	3.049987e-08	3.049987e-08
9.500000e+02	1.000000e+03	2.727992e-08	1.928981e-08	1.928981e-08
1.000000e+03	1.050000e+03	5.455982e-08	2.727991e-08	2.727991e-08
1.050000e+03	1.100000e+03	1.363996e-08	1.363996e-08	1.363996e-08
1.100000e+03	1.150000e+03	1.363996e-08	1.363996e-08	1.363996e-08
1.150000e+03	1.200000e+03	0.000000e+00	0.000000e+00	0.000000e+00
1.200000e+03	1.250000e+03	0.000000e+00	0.000000e+00	0.000000e+00
1.250000e+03	1.300000e+03	2.727992e-08	1.928981e-08	1.928981e-08
1.300000e+03	1.350000e+03	0.000000e+00	0.000000e+00	0.000000e+00
1.350000e+03	1.400000e+03	0.000000e+00	0.000000e+00	0.000000e+00
1.400000e+03	1.450000e+03	1.363996e-08	1.363996e-08	1.363996e-08
1.450000e+03	1.500000e+03	0.000000e+00	0.000000e+00	0.000000e+00
1.500000e+03	1.550000e+03	0.000000e+00	0.000000e+00	0.000000e+00
1.550000e+03	1.600000e+03	0.000000e+00	0.000000e+00	0.000000e+00
1.600000e+03	1.650000e+03	0.000000e+00	0.000000e+00	0.000000e+00
1.650000e+03	1.700000e+03	0.000000e+00	0.000000e+00	0.000000e+00
1.700000e+03	1.750000e+03	0.000000e+00	0.000000e+00	0.000000e+00
1.750000e+03	1.800000e+03	0.000000e+00	0.000000e+00	0.000000e+00
1.800000e+03	1.850000e+03	0.000000e+00	0.000000e+00	0.000000e+00
1.850000e+03	1.900000e+03	0.000000e+00	0.000000e+00	0.000000e+00
1.900000e+03	1.950000e+03	0.000000e+00	0.000000e+00	0.000000e+00
1.950000e+03	2.000000e+03	0.000000e+00	0.000000e+00	0.000000e+00
# END HISTO1D

