# BEGIN PLOT
LegendOnly=//nfs/dust/atlas/group/top/BS4Tops/r21/atlas-run3-multitops-bsm-joboptions/output/100007_13000GeV_271516/Rivet.yoda.gz/tttt_ttH_1LOS/Inclusive_jet0Pt_2 //nfs/dust/atlas/group/top/BS4Tops/r21/atlas-run3-multitops-bsm-joboptions/output/100022_13000GeV_353862/Rivet.yoda.gz/tttt_ttH_1LOS/Inclusive_jet0Pt_2
DrawOnly=//nfs/dust/atlas/group/top/BS4Tops/r21/atlas-run3-multitops-bsm-joboptions/output/100007_13000GeV_271516/Rivet.yoda.gz/tttt_ttH_1LOS/Inclusive_jet0Pt_2 //nfs/dust/atlas/group/top/BS4Tops/r21/atlas-run3-multitops-bsm-joboptions/output/100022_13000GeV_353862/Rivet.yoda.gz/tttt_ttH_1LOS/Inclusive_jet0Pt_2
RatioPlotReference=//nfs/dust/atlas/group/top/BS4Tops/r21/atlas-run3-multitops-bsm-joboptions/output/100007_13000GeV_271516/Rivet.yoda.gz/tttt_ttH_1LOS/Inclusive_jet0Pt_2
RatioPlot=1
LogY=1
RatioPlotYLabel=Ratio
Legend=1
# END PLOT

# BEGIN HISTO1D //nfs/dust/atlas/group/top/BS4Tops/r21/atlas-run3-multitops-bsm-joboptions/output/100007_13000GeV_271516/Rivet.yoda.gz/tttt_ttH_1LOS/Inclusive_jet0Pt_2
ErrorBars=1
LineColor=red
LineStyle=solid
Path=//nfs/dust/atlas/group/top/BS4Tops/r21/atlas-run3-multitops-bsm-joboptions/output/100007_13000GeV_271516/Rivet.yoda.gz/tttt_ttH_1LOS/Inclusive_jet0Pt_2
ScaledBy=1.00000000000006889e-04
Title=ttH(tt) 1.7 TeV
# xlow	 xhigh	 val	 errminus	 errplus
0.000000e+00	5.000000e+01	4.803994e-10	4.803995e-10	4.803995e-10
5.000000e+01	1.000000e+02	2.498078e-08	3.464210e-09	3.464210e-09
1.000000e+02	1.500000e+02	1.200999e-07	7.595783e-09	7.595783e-09
1.500000e+02	2.000000e+02	2.238662e-07	1.037040e-08	1.037040e-08
2.000000e+02	2.500000e+02	2.550922e-07	1.107006e-08	1.107006e-08
2.500000e+02	3.000000e+02	2.829552e-07	1.165897e-08	1.165897e-08
3.000000e+02	3.500000e+02	3.045732e-07	1.209615e-08	1.209615e-08
3.500000e+02	4.000000e+02	2.944848e-07	1.189413e-08	1.189413e-08
4.000000e+02	4.500000e+02	3.112988e-07	1.222897e-08	1.222897e-08
4.500000e+02	5.000000e+02	3.415640e-07	1.280965e-08	1.280965e-08
5.000000e+02	5.500000e+02	3.367600e-07	1.271925e-08	1.271925e-08
5.500000e+02	6.000000e+02	3.372404e-07	1.272832e-08	1.272832e-08
6.000000e+02	6.500000e+02	2.988084e-07	1.198113e-08	1.198113e-08
6.500000e+02	7.000000e+02	2.954456e-07	1.191352e-08	1.191352e-08
7.000000e+02	7.500000e+02	2.930436e-07	1.186499e-08	1.186499e-08
7.500000e+02	8.000000e+02	2.478862e-07	1.091258e-08	1.091258e-08
8.000000e+02	8.500000e+02	2.205034e-07	1.029221e-08	1.029221e-08
8.500000e+02	9.000000e+02	1.835126e-07	9.389322e-09	9.389322e-09
9.000000e+02	9.500000e+02	1.383550e-07	8.152649e-09	8.152649e-09
9.500000e+02	1.000000e+03	9.319750e-08	6.691191e-09	6.691191e-09
1.000000e+03	1.050000e+03	5.956954e-08	5.349502e-09	5.349502e-09
1.050000e+03	1.100000e+03	4.611834e-08	4.706934e-09	4.706934e-09
1.100000e+03	1.150000e+03	2.642196e-08	3.562738e-09	3.562738e-09
1.150000e+03	1.200000e+03	1.729438e-08	2.882397e-09	2.882397e-09
1.200000e+03	1.250000e+03	1.777478e-08	2.922156e-09	2.922156e-09
1.250000e+03	1.300000e+03	8.166790e-09	1.980738e-09	1.980738e-09
1.300000e+03	1.350000e+03	5.764794e-09	1.664153e-09	1.664153e-09
1.350000e+03	1.400000e+03	4.323594e-09	1.441198e-09	1.441198e-09
1.400000e+03	1.450000e+03	1.921598e-09	9.607988e-10	9.607988e-10
1.450000e+03	1.500000e+03	2.882396e-09	1.176733e-09	1.176733e-09
1.500000e+03	1.550000e+03	1.921598e-09	9.607988e-10	9.607988e-10
1.550000e+03	1.600000e+03	9.607988e-10	6.793874e-10	6.793874e-10
1.600000e+03	1.650000e+03	4.803994e-10	4.803995e-10	4.803995e-10
1.650000e+03	1.700000e+03	4.803994e-10	4.803995e-10	4.803995e-10
1.700000e+03	1.750000e+03	9.607988e-10	6.793874e-10	6.793874e-10
1.750000e+03	1.800000e+03	9.607988e-10	6.793874e-10	6.793874e-10
1.800000e+03	1.850000e+03	4.803994e-10	4.803995e-10	4.803995e-10
1.850000e+03	1.900000e+03	4.803994e-10	4.803995e-10	4.803995e-10
1.900000e+03	1.950000e+03	9.607988e-10	6.793874e-10	6.793874e-10
1.950000e+03	2.000000e+03	9.607988e-10	6.793874e-10	6.793874e-10
# END HISTO1D


# BEGIN HISTO1D //nfs/dust/atlas/group/top/BS4Tops/r21/atlas-run3-multitops-bsm-joboptions/output/100022_13000GeV_353862/Rivet.yoda.gz/tttt_ttH_1LOS/Inclusive_jet0Pt_2
ErrorBars=1
LineColor=blue
LineStyle=solid
Path=//nfs/dust/atlas/group/top/BS4Tops/r21/atlas-run3-multitops-bsm-joboptions/output/100022_13000GeV_353862/Rivet.yoda.gz/tttt_ttH_1LOS/Inclusive_jet0Pt_2
ScaledBy=9.99999999999971859e-05
Title=SM tttt (LO)
# xlow	 xhigh	 val	 errminus	 errplus
0.000000e+00	5.000000e+01	4.091988e-08	2.362510e-08	2.362510e-08
5.000000e+01	1.000000e+02	7.201898e-06	3.134223e-07	3.134223e-07
1.000000e+02	1.500000e+02	3.082630e-05	6.484363e-07	6.484363e-07
1.500000e+02	2.000000e+02	3.249038e-05	6.657080e-07	6.657080e-07
2.000000e+02	2.500000e+02	2.234224e-05	5.520392e-07	5.520392e-07
2.500000e+02	3.000000e+02	1.456747e-05	4.457575e-07	4.457575e-07
3.000000e+02	3.500000e+02	8.129414e-06	3.329938e-07	3.329938e-07
3.500000e+02	4.000000e+02	5.442342e-06	2.724579e-07	2.724579e-07
4.000000e+02	4.500000e+02	4.323866e-06	2.428525e-07	2.428525e-07
4.500000e+02	5.000000e+02	3.137190e-06	2.068601e-07	2.068601e-07
5.000000e+02	5.500000e+02	2.223314e-06	1.741433e-07	1.741433e-07
5.500000e+02	6.000000e+02	1.554955e-06	1.456349e-07	1.456349e-07
6.000000e+02	6.500000e+02	1.159396e-06	1.257542e-07	1.257542e-07
6.500000e+02	7.000000e+02	7.365576e-07	1.002328e-07	1.002328e-07
7.000000e+02	7.500000e+02	6.683580e-07	9.547969e-08	9.547969e-08
7.500000e+02	8.000000e+02	4.773986e-07	8.069508e-08	8.069508e-08
8.000000e+02	8.500000e+02	2.727992e-07	6.099974e-08	6.099974e-08
8.500000e+02	9.000000e+02	1.909594e-07	5.103605e-08	5.103605e-08
9.000000e+02	9.500000e+02	2.045994e-07	5.282733e-08	5.282733e-08
9.500000e+02	1.000000e+03	5.455982e-08	2.727991e-08	2.727991e-08
1.000000e+03	1.050000e+03	8.183974e-08	3.341093e-08	3.341093e-08
1.050000e+03	1.100000e+03	2.727992e-08	1.928981e-08	1.928981e-08
1.100000e+03	1.150000e+03	6.819978e-08	3.049987e-08	3.049987e-08
1.150000e+03	1.200000e+03	1.363996e-08	1.363996e-08	1.363996e-08
1.200000e+03	1.250000e+03	4.091988e-08	2.362510e-08	2.362510e-08
1.250000e+03	1.300000e+03	6.819978e-08	3.049987e-08	3.049987e-08
1.300000e+03	1.350000e+03	1.363996e-08	1.363996e-08	1.363996e-08
1.350000e+03	1.400000e+03	1.363996e-08	1.363996e-08	1.363996e-08
1.400000e+03	1.450000e+03	2.727992e-08	1.928981e-08	1.928981e-08
1.450000e+03	1.500000e+03	0.000000e+00	0.000000e+00	0.000000e+00
1.500000e+03	1.550000e+03	0.000000e+00	0.000000e+00	0.000000e+00
1.550000e+03	1.600000e+03	0.000000e+00	0.000000e+00	0.000000e+00
1.600000e+03	1.650000e+03	0.000000e+00	0.000000e+00	0.000000e+00
1.650000e+03	1.700000e+03	0.000000e+00	0.000000e+00	0.000000e+00
1.700000e+03	1.750000e+03	0.000000e+00	0.000000e+00	0.000000e+00
1.750000e+03	1.800000e+03	0.000000e+00	0.000000e+00	0.000000e+00
1.800000e+03	1.850000e+03	0.000000e+00	0.000000e+00	0.000000e+00
1.850000e+03	1.900000e+03	0.000000e+00	0.000000e+00	0.000000e+00
1.900000e+03	1.950000e+03	0.000000e+00	0.000000e+00	0.000000e+00
1.950000e+03	2.000000e+03	0.000000e+00	0.000000e+00	0.000000e+00
# END HISTO1D

