# BEGIN PLOT
LegendOnly=//nfs/dust/atlas/group/top/BS4Tops/r21/atlas-run3-multitops-bsm-joboptions/output/100010_13000GeV_446900/Rivet.yoda.gz/tttt_ttH_1LOS/BaselineSR_jet0Pt_1 //nfs/dust/atlas/group/top/BS4Tops/r21/atlas-run3-multitops-bsm-joboptions/output/100022_13000GeV_353862/Rivet.yoda.gz/tttt_ttH_1LOS/BaselineSR_jet0Pt_1
DrawOnly=//nfs/dust/atlas/group/top/BS4Tops/r21/atlas-run3-multitops-bsm-joboptions/output/100010_13000GeV_446900/Rivet.yoda.gz/tttt_ttH_1LOS/BaselineSR_jet0Pt_1 //nfs/dust/atlas/group/top/BS4Tops/r21/atlas-run3-multitops-bsm-joboptions/output/100022_13000GeV_353862/Rivet.yoda.gz/tttt_ttH_1LOS/BaselineSR_jet0Pt_1
RatioPlotReference=//nfs/dust/atlas/group/top/BS4Tops/r21/atlas-run3-multitops-bsm-joboptions/output/100010_13000GeV_446900/Rivet.yoda.gz/tttt_ttH_1LOS/BaselineSR_jet0Pt_1
RatioPlot=1
LogY=1
RatioPlotYLabel=Ratio
Legend=1
# END PLOT

# BEGIN HISTO1D //nfs/dust/atlas/group/top/BS4Tops/r21/atlas-run3-multitops-bsm-joboptions/output/100010_13000GeV_446900/Rivet.yoda.gz/tttt_ttH_1LOS/BaselineSR_jet0Pt_1
ErrorBars=1
LineColor=red
LineStyle=solid
Path=//nfs/dust/atlas/group/top/BS4Tops/r21/atlas-run3-multitops-bsm-joboptions/output/100010_13000GeV_446900/Rivet.yoda.gz/tttt_ttH_1LOS/BaselineSR_jet0Pt_1
ScaledBy=1.00000000000004951e-04
Title=ttH(tt) 2 TeV
# xlow	 xhigh	 val	 errminus	 errplus
0.000000e+00	3.000000e+01	0.000000e+00	0.000000e+00	0.000000e+00
3.000000e+01	6.000000e+01	0.000000e+00	0.000000e+00	0.000000e+00
6.000000e+01	9.000000e+01	1.907850e-09	7.788765e-10	7.788765e-10
9.000000e+01	1.200000e+02	1.303697e-08	2.036033e-09	2.036033e-09
1.200000e+02	1.500000e+02	2.353015e-08	2.735324e-09	2.735324e-09
1.500000e+02	1.800000e+02	3.847497e-08	3.497725e-09	3.497725e-09
1.800000e+02	2.100000e+02	5.024003e-08	3.996884e-09	3.996884e-09
2.100000e+02	2.400000e+02	4.610637e-08	3.828925e-09	3.828925e-09
2.400000e+02	2.700000e+02	4.515243e-08	3.789109e-09	3.789109e-09
2.700000e+02	3.000000e+02	5.469170e-08	4.170202e-09	4.170202e-09
3.000000e+02	3.300000e+02	4.292663e-08	3.694535e-09	3.694535e-09
3.300000e+02	3.600000e+02	4.896813e-08	3.945966e-09	3.945966e-09
3.600000e+02	3.900000e+02	4.769623e-08	3.894382e-09	3.894382e-09
3.900000e+02	4.200000e+02	5.278383e-08	4.096821e-09	4.096821e-09
4.200000e+02	4.500000e+02	5.437373e-08	4.158062e-09	4.158062e-09
4.500000e+02	4.800000e+02	5.341980e-08	4.121426e-09	4.121426e-09
4.800000e+02	5.100000e+02	4.706030e-08	3.868333e-09	3.868333e-09
5.100000e+02	5.400000e+02	5.310183e-08	4.109142e-09	4.109142e-09
5.400000e+02	5.700000e+02	4.769623e-08	3.894382e-09	3.894382e-09
5.700000e+02	6.000000e+02	4.578840e-08	3.815700e-09	3.815700e-09
# END HISTO1D


# BEGIN HISTO1D //nfs/dust/atlas/group/top/BS4Tops/r21/atlas-run3-multitops-bsm-joboptions/output/100022_13000GeV_353862/Rivet.yoda.gz/tttt_ttH_1LOS/BaselineSR_jet0Pt_1
ErrorBars=1
LineColor=blue
LineStyle=solid
Path=//nfs/dust/atlas/group/top/BS4Tops/r21/atlas-run3-multitops-bsm-joboptions/output/100022_13000GeV_353862/Rivet.yoda.gz/tttt_ttH_1LOS/BaselineSR_jet0Pt_1
ScaledBy=9.99999999999971859e-05
Title=SM tttt (LO)
# xlow	 xhigh	 val	 errminus	 errplus
0.000000e+00	3.000000e+01	0.000000e+00	0.000000e+00	0.000000e+00
3.000000e+01	6.000000e+01	1.591328e-07	6.014656e-08	6.014656e-08
6.000000e+01	9.000000e+01	1.864127e-06	2.058584e-07	2.058584e-07
9.000000e+01	1.200000e+02	6.638113e-06	3.884662e-07	3.884662e-07
1.200000e+02	1.500000e+02	1.111657e-05	5.027084e-07	5.027084e-07
1.500000e+02	1.800000e+02	1.191223e-05	5.203881e-07	5.203881e-07
1.800000e+02	2.100000e+02	9.684370e-06	4.692093e-07	4.692093e-07
2.100000e+02	2.400000e+02	7.547443e-06	4.142197e-07	4.142197e-07
2.400000e+02	2.700000e+02	6.092513e-06	3.721595e-07	3.721595e-07
2.700000e+02	3.000000e+02	4.819450e-06	3.310013e-07	3.310013e-07
3.000000e+02	3.300000e+02	3.000791e-06	2.611853e-07	2.611853e-07
3.300000e+02	3.600000e+02	2.887124e-06	2.561909e-07	2.561909e-07
3.600000e+02	3.900000e+02	1.841394e-06	2.045994e-07	2.045994e-07
3.900000e+02	4.200000e+02	1.704995e-06	1.968758e-07	1.968758e-07
4.200000e+02	4.500000e+02	1.363996e-06	1.760911e-07	1.760911e-07
4.500000e+02	4.800000e+02	9.320637e-07	1.455639e-07	1.455639e-07
4.800000e+02	5.100000e+02	1.363996e-06	1.760911e-07	1.760911e-07
5.100000e+02	5.400000e+02	9.093303e-07	1.437778e-07	1.437778e-07
5.400000e+02	5.700000e+02	5.455983e-07	1.113698e-07	1.113698e-07
5.700000e+02	6.000000e+02	5.001317e-07	1.066284e-07	1.066284e-07
# END HISTO1D

