# BEGIN PLOT
LegendOnly=//nfs/dust/atlas/group/top/BS4Tops/r21/atlas-run3-multitops-bsm-joboptions/output/100010_13000GeV_446900/Rivet.yoda.gz/tttt_ttH_1LOS/Inclusive_jet0Pt_2 //nfs/dust/atlas/group/top/BS4Tops/r21/atlas-run3-multitops-bsm-joboptions/output/100022_13000GeV_353862/Rivet.yoda.gz/tttt_ttH_1LOS/Inclusive_jet0Pt_2
DrawOnly=//nfs/dust/atlas/group/top/BS4Tops/r21/atlas-run3-multitops-bsm-joboptions/output/100010_13000GeV_446900/Rivet.yoda.gz/tttt_ttH_1LOS/Inclusive_jet0Pt_2 //nfs/dust/atlas/group/top/BS4Tops/r21/atlas-run3-multitops-bsm-joboptions/output/100022_13000GeV_353862/Rivet.yoda.gz/tttt_ttH_1LOS/Inclusive_jet0Pt_2
RatioPlotReference=//nfs/dust/atlas/group/top/BS4Tops/r21/atlas-run3-multitops-bsm-joboptions/output/100010_13000GeV_446900/Rivet.yoda.gz/tttt_ttH_1LOS/Inclusive_jet0Pt_2
RatioPlot=1
LogY=1
RatioPlotYLabel=Ratio
Legend=1
# END PLOT

# BEGIN HISTO1D //nfs/dust/atlas/group/top/BS4Tops/r21/atlas-run3-multitops-bsm-joboptions/output/100010_13000GeV_446900/Rivet.yoda.gz/tttt_ttH_1LOS/Inclusive_jet0Pt_2
ErrorBars=1
LineColor=red
LineStyle=solid
Path=//nfs/dust/atlas/group/top/BS4Tops/r21/atlas-run3-multitops-bsm-joboptions/output/100010_13000GeV_446900/Rivet.yoda.gz/tttt_ttH_1LOS/Inclusive_jet0Pt_2
ScaledBy=1.00000000000004951e-04
Title=ttH(tt) 2 TeV
# xlow	 xhigh	 val	 errminus	 errplus
0.000000e+00	5.000000e+01	0.000000e+00	0.000000e+00	0.000000e+00
5.000000e+01	1.000000e+02	8.585324e-09	1.279825e-09	1.279825e-09
1.000000e+02	1.500000e+02	5.456450e-08	3.226467e-09	3.226467e-09
1.500000e+02	2.000000e+02	9.443856e-08	4.244698e-09	4.244698e-09
2.000000e+02	2.500000e+02	9.672798e-08	4.295841e-09	4.295841e-09
2.500000e+02	3.000000e+02	1.045502e-07	4.466162e-09	4.466162e-09
3.000000e+02	3.500000e+02	9.997134e-08	4.367268e-09	4.367268e-09
3.500000e+02	4.000000e+02	8.928738e-08	4.127310e-09	4.127310e-09
4.000000e+02	4.500000e+02	1.066488e-07	4.510764e-09	4.510764e-09
4.500000e+02	5.000000e+02	9.787270e-08	4.321185e-09	4.321185e-09
5.000000e+02	5.500000e+02	9.214914e-08	4.192931e-09	4.192931e-09
5.500000e+02	6.000000e+02	8.966894e-08	4.136120e-09	4.136120e-09
6.000000e+02	6.500000e+02	1.026423e-07	4.425225e-09	4.425225e-09
6.500000e+02	7.000000e+02	9.558328e-08	4.270346e-09	4.270346e-09
7.000000e+02	7.500000e+02	9.691878e-08	4.300075e-09	4.300075e-09
7.500000e+02	8.000000e+02	1.009253e-07	4.388055e-09	4.388055e-09
8.000000e+02	8.500000e+02	9.958976e-08	4.358926e-09	4.358926e-09
8.500000e+02	9.000000e+02	1.039778e-07	4.453921e-09	4.453921e-09
9.000000e+02	9.500000e+02	8.852424e-08	4.109635e-09	4.109635e-09
9.500000e+02	1.000000e+03	8.165598e-08	3.946990e-09	3.946990e-09
1.000000e+03	1.050000e+03	6.009726e-08	3.386097e-09	3.386097e-09
1.050000e+03	1.100000e+03	3.968328e-08	2.751540e-09	2.751540e-09
1.100000e+03	1.150000e+03	3.224266e-08	2.480205e-09	2.480205e-09
1.150000e+03	1.200000e+03	2.308498e-08	2.098635e-09	2.098635e-09
1.200000e+03	1.250000e+03	1.545358e-08	1.717065e-09	1.717065e-09
1.250000e+03	1.300000e+03	9.348464e-09	1.335495e-09	1.335495e-09
1.300000e+03	1.350000e+03	7.822184e-09	1.221620e-09	1.221620e-09
1.350000e+03	1.400000e+03	4.006484e-09	8.742867e-10	8.742867e-10
1.400000e+03	1.450000e+03	3.434130e-09	8.094321e-10	8.094321e-10
1.450000e+03	1.500000e+03	2.289420e-09	6.608985e-10	6.608985e-10
1.500000e+03	1.550000e+03	1.526280e-09	5.396214e-10	5.396214e-10
1.550000e+03	1.600000e+03	1.335495e-09	5.047696e-10	5.047696e-10
1.600000e+03	1.650000e+03	7.631400e-10	3.815700e-10	3.815700e-10
1.650000e+03	1.700000e+03	7.631400e-10	3.815700e-10	3.815700e-10
1.700000e+03	1.750000e+03	5.723550e-10	3.304493e-10	3.304493e-10
1.750000e+03	1.800000e+03	0.000000e+00	0.000000e+00	0.000000e+00
1.800000e+03	1.850000e+03	1.907850e-10	1.907850e-10	1.907850e-10
1.850000e+03	1.900000e+03	5.723550e-10	3.304493e-10	3.304493e-10
1.900000e+03	1.950000e+03	1.907850e-10	1.907850e-10	1.907850e-10
1.950000e+03	2.000000e+03	0.000000e+00	0.000000e+00	0.000000e+00
# END HISTO1D


# BEGIN HISTO1D //nfs/dust/atlas/group/top/BS4Tops/r21/atlas-run3-multitops-bsm-joboptions/output/100022_13000GeV_353862/Rivet.yoda.gz/tttt_ttH_1LOS/Inclusive_jet0Pt_2
ErrorBars=1
LineColor=blue
LineStyle=solid
Path=//nfs/dust/atlas/group/top/BS4Tops/r21/atlas-run3-multitops-bsm-joboptions/output/100022_13000GeV_353862/Rivet.yoda.gz/tttt_ttH_1LOS/Inclusive_jet0Pt_2
ScaledBy=9.99999999999971859e-05
Title=SM tttt (LO)
# xlow	 xhigh	 val	 errminus	 errplus
0.000000e+00	5.000000e+01	4.091988e-08	2.362510e-08	2.362510e-08
5.000000e+01	1.000000e+02	7.201898e-06	3.134223e-07	3.134223e-07
1.000000e+02	1.500000e+02	3.082630e-05	6.484363e-07	6.484363e-07
1.500000e+02	2.000000e+02	3.249038e-05	6.657080e-07	6.657080e-07
2.000000e+02	2.500000e+02	2.234224e-05	5.520392e-07	5.520392e-07
2.500000e+02	3.000000e+02	1.456747e-05	4.457575e-07	4.457575e-07
3.000000e+02	3.500000e+02	8.129414e-06	3.329938e-07	3.329938e-07
3.500000e+02	4.000000e+02	5.442342e-06	2.724579e-07	2.724579e-07
4.000000e+02	4.500000e+02	4.323866e-06	2.428525e-07	2.428525e-07
4.500000e+02	5.000000e+02	3.137190e-06	2.068601e-07	2.068601e-07
5.000000e+02	5.500000e+02	2.223314e-06	1.741433e-07	1.741433e-07
5.500000e+02	6.000000e+02	1.554955e-06	1.456349e-07	1.456349e-07
6.000000e+02	6.500000e+02	1.159396e-06	1.257542e-07	1.257542e-07
6.500000e+02	7.000000e+02	7.365576e-07	1.002328e-07	1.002328e-07
7.000000e+02	7.500000e+02	6.683580e-07	9.547969e-08	9.547969e-08
7.500000e+02	8.000000e+02	4.773986e-07	8.069508e-08	8.069508e-08
8.000000e+02	8.500000e+02	2.727992e-07	6.099974e-08	6.099974e-08
8.500000e+02	9.000000e+02	1.909594e-07	5.103605e-08	5.103605e-08
9.000000e+02	9.500000e+02	2.045994e-07	5.282733e-08	5.282733e-08
9.500000e+02	1.000000e+03	5.455982e-08	2.727991e-08	2.727991e-08
1.000000e+03	1.050000e+03	8.183974e-08	3.341093e-08	3.341093e-08
1.050000e+03	1.100000e+03	2.727992e-08	1.928981e-08	1.928981e-08
1.100000e+03	1.150000e+03	6.819978e-08	3.049987e-08	3.049987e-08
1.150000e+03	1.200000e+03	1.363996e-08	1.363996e-08	1.363996e-08
1.200000e+03	1.250000e+03	4.091988e-08	2.362510e-08	2.362510e-08
1.250000e+03	1.300000e+03	6.819978e-08	3.049987e-08	3.049987e-08
1.300000e+03	1.350000e+03	1.363996e-08	1.363996e-08	1.363996e-08
1.350000e+03	1.400000e+03	1.363996e-08	1.363996e-08	1.363996e-08
1.400000e+03	1.450000e+03	2.727992e-08	1.928981e-08	1.928981e-08
1.450000e+03	1.500000e+03	0.000000e+00	0.000000e+00	0.000000e+00
1.500000e+03	1.550000e+03	0.000000e+00	0.000000e+00	0.000000e+00
1.550000e+03	1.600000e+03	0.000000e+00	0.000000e+00	0.000000e+00
1.600000e+03	1.650000e+03	0.000000e+00	0.000000e+00	0.000000e+00
1.650000e+03	1.700000e+03	0.000000e+00	0.000000e+00	0.000000e+00
1.700000e+03	1.750000e+03	0.000000e+00	0.000000e+00	0.000000e+00
1.750000e+03	1.800000e+03	0.000000e+00	0.000000e+00	0.000000e+00
1.800000e+03	1.850000e+03	0.000000e+00	0.000000e+00	0.000000e+00
1.850000e+03	1.900000e+03	0.000000e+00	0.000000e+00	0.000000e+00
1.900000e+03	1.950000e+03	0.000000e+00	0.000000e+00	0.000000e+00
1.950000e+03	2.000000e+03	0.000000e+00	0.000000e+00	0.000000e+00
# END HISTO1D

