# BEGIN PLOT
LegendOnly=//nfs/dust/atlas/group/top/BS4Tops/r21/atlas-run3-multitops-bsm-joboptions/output/100012_13000GeV_128282/Rivet.yoda.gz/tttt_ttH/Inclusive_mTop4_zoomin //nfs/dust/atlas/group/top/BS4Tops/r21/atlas-run3-multitops-bsm-joboptions/output/100022_13000GeV_353862/Rivet.yoda.gz/tttt_ttH/Inclusive_mTop4_zoomin
DrawOnly=//nfs/dust/atlas/group/top/BS4Tops/r21/atlas-run3-multitops-bsm-joboptions/output/100012_13000GeV_128282/Rivet.yoda.gz/tttt_ttH/Inclusive_mTop4_zoomin //nfs/dust/atlas/group/top/BS4Tops/r21/atlas-run3-multitops-bsm-joboptions/output/100022_13000GeV_353862/Rivet.yoda.gz/tttt_ttH/Inclusive_mTop4_zoomin
RatioPlotReference=//nfs/dust/atlas/group/top/BS4Tops/r21/atlas-run3-multitops-bsm-joboptions/output/100012_13000GeV_128282/Rivet.yoda.gz/tttt_ttH/Inclusive_mTop4_zoomin
RatioPlot=1
LogY=1
RatioPlotYLabel=Ratio
Legend=1
# END PLOT

# BEGIN HISTO1D //nfs/dust/atlas/group/top/BS4Tops/r21/atlas-run3-multitops-bsm-joboptions/output/100012_13000GeV_128282/Rivet.yoda.gz/tttt_ttH/Inclusive_mTop4_zoomin
ErrorBars=1
LineColor=red
LineStyle=solid
Path=//nfs/dust/atlas/group/top/BS4Tops/r21/atlas-run3-multitops-bsm-joboptions/output/100012_13000GeV_128282/Rivet.yoda.gz/tttt_ttH/Inclusive_mTop4_zoomin
ScaledBy=9.99999999999951665e-05
Title=ttH(tt) 2.2 TeV
# xlow	 xhigh	 val	 errminus	 errplus
1.650000e+02	1.652500e+02	2.375890e-07	7.163578e-08	7.163578e-08
1.652500e+02	1.655000e+02	2.591880e-07	7.482113e-08	7.482113e-08
1.655000e+02	1.657500e+02	1.511930e-07	5.714558e-08	5.714558e-08
1.657500e+02	1.660000e+02	1.727920e-07	6.109120e-08	6.109120e-08
1.660000e+02	1.662500e+02	3.455840e-07	8.639600e-08	8.639600e-08
1.662500e+02	1.665000e+02	2.591880e-07	7.482113e-08	7.482113e-08
1.665000e+02	1.667500e+02	4.319800e-07	9.659366e-08	9.659366e-08
1.667500e+02	1.670000e+02	5.615740e-07	1.101337e-07	1.101337e-07
1.670000e+02	1.672500e+02	4.751780e-07	1.013083e-07	1.013083e-07
1.672500e+02	1.675000e+02	5.831732e-07	1.122317e-07	1.122317e-07
1.675000e+02	1.677500e+02	7.343660e-07	1.259427e-07	1.259427e-07
1.677500e+02	1.680000e+02	7.343660e-07	1.259427e-07	1.259427e-07
1.680000e+02	1.682500e+02	6.047720e-07	1.142912e-07	1.142912e-07
1.682500e+02	1.685000e+02	8.423612e-07	1.348857e-07	1.348857e-07
1.685000e+02	1.687500e+02	1.231143e-06	1.630689e-07	1.630689e-07
1.687500e+02	1.690000e+02	1.252742e-06	1.644931e-07	1.644931e-07
1.690000e+02	1.692500e+02	1.533529e-06	1.819964e-07	1.819964e-07
1.692500e+02	1.695000e+02	1.641524e-06	1.882957e-07	1.882957e-07
1.695000e+02	1.697500e+02	2.181499e-06	2.170673e-07	2.170673e-07
1.697500e+02	1.700000e+02	2.332692e-06	2.244634e-07	2.244634e-07
1.700000e+02	1.702500e+02	3.499038e-06	2.749104e-07	2.749104e-07
1.702500e+02	1.705000e+02	3.650231e-06	2.807870e-07	2.807870e-07
1.705000e+02	1.707500e+02	5.140564e-06	3.332132e-07	3.332132e-07
1.707500e+02	1.710000e+02	7.710844e-06	4.081012e-07	4.081012e-07
1.710000e+02	1.712500e+02	9.762748e-06	4.592010e-07	4.592010e-07
1.712500e+02	1.715000e+02	1.388816e-05	5.476955e-07	5.476955e-07
1.715000e+02	1.717500e+02	1.883433e-05	6.378109e-07	6.378109e-07
1.717500e+02	1.720000e+02	2.287334e-05	7.028807e-07	7.028807e-07
1.720000e+02	1.722500e+02	2.285174e-05	7.025488e-07	7.025488e-07
1.722500e+02	1.725000e+02	1.760318e-05	6.166127e-07	6.166127e-07
1.725000e+02	1.727500e+02	1.501130e-05	5.694113e-07	5.694113e-07
1.727500e+02	1.730000e+02	1.015153e-05	4.682551e-07	4.682551e-07
1.730000e+02	1.732500e+02	7.019676e-06	3.893815e-07	3.893815e-07
1.732500e+02	1.735000e+02	5.421348e-06	3.421925e-07	3.421925e-07
1.735000e+02	1.737500e+02	4.276604e-06	3.039249e-07	3.039249e-07
1.737500e+02	1.740000e+02	3.088657e-06	2.582865e-07	2.582865e-07
1.740000e+02	1.742500e+02	2.375890e-06	2.265322e-07	2.265322e-07
1.742500e+02	1.745000e+02	2.289494e-06	2.223753e-07	2.223753e-07
1.745000e+02	1.747500e+02	2.030306e-06	2.094101e-07	2.094101e-07
1.747500e+02	1.750000e+02	1.879113e-06	2.014621e-07	2.014621e-07
# END HISTO1D


# BEGIN HISTO1D //nfs/dust/atlas/group/top/BS4Tops/r21/atlas-run3-multitops-bsm-joboptions/output/100022_13000GeV_353862/Rivet.yoda.gz/tttt_ttH/Inclusive_mTop4_zoomin
ErrorBars=1
LineColor=blue
LineStyle=solid
Path=//nfs/dust/atlas/group/top/BS4Tops/r21/atlas-run3-multitops-bsm-joboptions/output/100022_13000GeV_353862/Rivet.yoda.gz/tttt_ttH/Inclusive_mTop4_zoomin
ScaledBy=9.99999999999971859e-05
Title=SM tttt (LO)
# xlow	 xhigh	 val	 errminus	 errplus
1.650000e+02	1.652500e+02	1.636795e-05	6.682186e-06	6.682186e-06
1.652500e+02	1.655000e+02	3.546389e-05	9.835913e-06	9.835913e-06
1.655000e+02	1.657500e+02	1.363996e-05	6.099974e-06	6.099974e-06
1.657500e+02	1.660000e+02	2.182393e-05	7.715925e-06	7.715925e-06
1.660000e+02	1.662500e+02	4.364788e-05	1.091197e-05	1.091197e-05
1.662500e+02	1.665000e+02	4.091988e-05	1.056547e-05	1.056547e-05
1.665000e+02	1.667500e+02	3.273590e-05	9.450040e-06	9.450040e-06
1.667500e+02	1.670000e+02	2.182393e-05	7.715925e-06	7.715925e-06
1.670000e+02	1.672500e+02	4.910384e-05	1.157389e-05	1.157389e-05
1.672500e+02	1.675000e+02	4.910384e-05	1.157389e-05	1.157389e-05
1.675000e+02	1.677500e+02	4.637584e-05	1.124780e-05	1.124780e-05
1.677500e+02	1.680000e+02	5.455984e-05	1.219995e-05	1.219995e-05
1.680000e+02	1.682500e+02	6.001580e-05	1.279541e-05	1.279541e-05
1.682500e+02	1.685000e+02	7.365576e-05	1.417506e-05	1.417506e-05
1.685000e+02	1.687500e+02	8.729572e-05	1.543185e-05	1.543185e-05
1.687500e+02	1.690000e+02	1.063917e-04	1.703630e-05	1.703630e-05
1.690000e+02	1.692500e+02	1.391276e-04	1.948176e-05	1.948176e-05
1.692500e+02	1.695000e+02	1.445836e-04	1.986008e-05	1.986008e-05
1.695000e+02	1.697500e+02	1.473115e-04	2.004656e-05	2.004656e-05
1.697500e+02	1.700000e+02	1.691355e-04	2.148023e-05	2.148023e-05
1.700000e+02	1.702500e+02	2.346073e-04	2.529835e-05	2.529835e-05
1.702500e+02	1.705000e+02	2.618872e-04	2.672875e-05	2.672875e-05
1.705000e+02	1.707500e+02	4.173828e-04	3.374339e-05	3.374339e-05
1.707500e+02	1.710000e+02	4.610304e-04	3.546389e-05	3.546389e-05
1.710000e+02	1.712500e+02	6.792700e-04	4.304697e-05	4.304697e-05
1.712500e+02	1.715000e+02	8.865972e-04	4.917957e-05	4.917957e-05
1.715000e+02	1.717500e+02	1.276700e-03	5.901548e-05	5.901548e-05
1.717500e+02	1.720000e+02	1.835938e-03	7.077022e-05	7.077022e-05
1.720000e+02	1.722500e+02	2.477016e-03	8.220267e-05	8.220267e-05
1.722500e+02	1.725000e+02	3.118094e-03	9.222871e-05	9.222871e-05
1.725000e+02	1.727500e+02	2.689800e-03	8.566067e-05	8.566067e-05
1.727500e+02	1.730000e+02	2.381536e-03	8.060280e-05	8.060280e-05
1.730000e+02	1.732500e+02	1.923234e-03	7.243319e-05	7.243319e-05
1.732500e+02	1.735000e+02	1.363996e-03	6.099974e-05	6.099974e-05
1.735000e+02	1.737500e+02	8.156696e-04	4.717138e-05	4.717138e-05
1.737500e+02	1.740000e+02	6.710860e-04	4.278688e-05	4.278688e-05
1.740000e+02	1.742500e+02	4.937664e-04	3.670137e-05	3.670137e-05
1.742500e+02	1.745000e+02	4.310228e-04	3.429032e-05	3.429032e-05
1.745000e+02	1.747500e+02	3.409989e-04	3.049987e-05	3.049987e-05
1.747500e+02	1.750000e+02	2.482472e-04	2.602338e-05	2.602338e-05
# END HISTO1D

