# BEGIN PLOT
LegendOnly=//nfs/dust/atlas/group/top/BS4Tops/r21/atlas-run3-multitops-bsm-joboptions/output/100012_13000GeV_128282/Rivet.yoda.gz/tttt_ttH/Inclusive_mTop2_zoomin //nfs/dust/atlas/group/top/BS4Tops/r21/atlas-run3-multitops-bsm-joboptions/output/100022_13000GeV_353862/Rivet.yoda.gz/tttt_ttH/Inclusive_mTop2_zoomin
DrawOnly=//nfs/dust/atlas/group/top/BS4Tops/r21/atlas-run3-multitops-bsm-joboptions/output/100012_13000GeV_128282/Rivet.yoda.gz/tttt_ttH/Inclusive_mTop2_zoomin //nfs/dust/atlas/group/top/BS4Tops/r21/atlas-run3-multitops-bsm-joboptions/output/100022_13000GeV_353862/Rivet.yoda.gz/tttt_ttH/Inclusive_mTop2_zoomin
RatioPlotReference=//nfs/dust/atlas/group/top/BS4Tops/r21/atlas-run3-multitops-bsm-joboptions/output/100012_13000GeV_128282/Rivet.yoda.gz/tttt_ttH/Inclusive_mTop2_zoomin
RatioPlot=1
LogY=1
RatioPlotYLabel=Ratio
Legend=1
# END PLOT

# BEGIN HISTO1D //nfs/dust/atlas/group/top/BS4Tops/r21/atlas-run3-multitops-bsm-joboptions/output/100012_13000GeV_128282/Rivet.yoda.gz/tttt_ttH/Inclusive_mTop2_zoomin
ErrorBars=1
LineColor=red
LineStyle=solid
Path=//nfs/dust/atlas/group/top/BS4Tops/r21/atlas-run3-multitops-bsm-joboptions/output/100012_13000GeV_128282/Rivet.yoda.gz/tttt_ttH/Inclusive_mTop2_zoomin
ScaledBy=9.99999999999951665e-05
Title=ttH(tt) 2.2 TeV
# xlow	 xhigh	 val	 errminus	 errplus
1.650000e+02	1.652500e+02	1.727920e-07	6.109120e-08	6.109120e-08
1.652500e+02	1.655000e+02	2.591880e-07	7.482113e-08	7.482113e-08
1.655000e+02	1.657500e+02	2.807870e-07	7.787630e-08	7.787630e-08
1.657500e+02	1.660000e+02	3.239850e-07	8.365257e-08	8.365257e-08
1.660000e+02	1.662500e+02	2.807870e-07	7.787630e-08	7.787630e-08
1.662500e+02	1.665000e+02	3.887820e-07	9.163680e-08	9.163680e-08
1.665000e+02	1.667500e+02	4.103812e-07	9.414786e-08	9.414786e-08
1.667500e+02	1.670000e+02	4.103812e-07	9.414786e-08	9.414786e-08
1.670000e+02	1.672500e+02	7.343660e-07	1.259427e-07	1.259427e-07
1.672500e+02	1.675000e+02	6.911680e-07	1.221824e-07	1.221824e-07
1.675000e+02	1.677500e+02	4.103812e-07	9.414786e-08	9.414786e-08
1.677500e+02	1.680000e+02	7.127672e-07	1.240768e-07	1.240768e-07
1.680000e+02	1.682500e+02	6.695692e-07	1.202581e-07	1.202581e-07
1.682500e+02	1.685000e+02	9.287572e-07	1.416341e-07	1.416341e-07
1.685000e+02	1.687500e+02	1.079950e-06	1.527280e-07	1.527280e-07
1.687500e+02	1.690000e+02	1.252742e-06	1.644931e-07	1.644931e-07
1.690000e+02	1.692500e+02	1.187945e-06	1.601825e-07	1.601825e-07
1.692500e+02	1.695000e+02	1.252742e-06	1.644931e-07	1.644931e-07
1.695000e+02	1.697500e+02	1.900712e-06	2.026166e-07	2.026166e-07
1.697500e+02	1.700000e+02	2.635078e-06	2.385688e-07	2.385688e-07
1.700000e+02	1.702500e+02	3.304647e-06	2.671649e-07	2.671649e-07
1.702500e+02	1.705000e+02	3.952617e-06	2.921859e-07	2.921859e-07
1.705000e+02	1.707500e+02	5.486148e-06	3.442314e-07	3.442314e-07
1.707500e+02	1.710000e+02	6.738888e-06	3.815144e-07	3.815144e-07
1.710000e+02	1.712500e+02	1.021633e-05	4.697472e-07	4.697472e-07
1.712500e+02	1.715000e+02	1.285140e-05	5.268562e-07	5.268562e-07
1.715000e+02	1.717500e+02	1.870474e-05	6.356127e-07	6.356127e-07
1.717500e+02	1.720000e+02	2.263575e-05	6.992207e-07	6.992207e-07
1.720000e+02	1.722500e+02	2.311093e-05	7.065217e-07	7.065217e-07
1.722500e+02	1.725000e+02	1.939590e-05	6.472497e-07	6.472497e-07
1.725000e+02	1.727500e+02	1.384496e-05	5.468430e-07	5.468430e-07
1.727500e+02	1.730000e+02	9.546760e-06	4.540930e-07	4.540930e-07
1.730000e+02	1.732500e+02	7.257264e-06	3.959162e-07	3.959162e-07
1.732500e+02	1.735000e+02	5.594140e-06	3.476030e-07	3.476030e-07
1.735000e+02	1.737500e+02	4.298200e-06	3.046914e-07	3.046914e-07
1.737500e+02	1.740000e+02	3.088657e-06	2.582865e-07	2.582865e-07
1.740000e+02	1.742500e+02	2.829469e-06	2.472119e-07	2.472119e-07
1.742500e+02	1.745000e+02	2.419088e-06	2.285823e-07	2.285823e-07
1.745000e+02	1.747500e+02	1.879113e-06	2.014621e-07	2.014621e-07
1.747500e+02	1.750000e+02	1.663123e-06	1.895305e-07	1.895305e-07
# END HISTO1D


# BEGIN HISTO1D //nfs/dust/atlas/group/top/BS4Tops/r21/atlas-run3-multitops-bsm-joboptions/output/100022_13000GeV_353862/Rivet.yoda.gz/tttt_ttH/Inclusive_mTop2_zoomin
ErrorBars=1
LineColor=blue
LineStyle=solid
Path=//nfs/dust/atlas/group/top/BS4Tops/r21/atlas-run3-multitops-bsm-joboptions/output/100022_13000GeV_353862/Rivet.yoda.gz/tttt_ttH/Inclusive_mTop2_zoomin
ScaledBy=9.99999999999971859e-05
Title=SM tttt (LO)
# xlow	 xhigh	 val	 errminus	 errplus
1.650000e+02	1.652500e+02	1.091196e-05	5.455982e-06	5.455982e-06
1.652500e+02	1.655000e+02	3.000790e-05	9.047724e-06	9.047724e-06
1.655000e+02	1.657500e+02	3.819188e-05	1.020721e-05	1.020721e-05
1.657500e+02	1.660000e+02	3.546389e-05	9.835913e-06	9.835913e-06
1.660000e+02	1.662500e+02	5.455984e-05	1.219995e-05	1.219995e-05
1.662500e+02	1.665000e+02	4.364788e-05	1.091197e-05	1.091197e-05
1.665000e+02	1.667500e+02	6.547180e-05	1.336438e-05	1.336438e-05
1.667500e+02	1.670000e+02	3.000790e-05	9.047724e-06	9.047724e-06
1.670000e+02	1.672500e+02	5.728784e-05	1.250123e-05	1.250123e-05
1.672500e+02	1.675000e+02	6.547180e-05	1.336438e-05	1.336438e-05
1.675000e+02	1.677500e+02	4.364788e-05	1.091197e-05	1.091197e-05
1.677500e+02	1.680000e+02	6.274380e-05	1.308298e-05	1.308298e-05
1.680000e+02	1.682500e+02	4.364788e-05	1.091197e-05	1.091197e-05
1.682500e+02	1.685000e+02	7.092776e-05	1.391008e-05	1.391008e-05
1.685000e+02	1.687500e+02	8.456772e-05	1.518881e-05	1.518881e-05
1.687500e+02	1.690000e+02	9.002372e-05	1.567112e-05	1.567112e-05
1.690000e+02	1.692500e+02	9.820768e-05	1.636795e-05	1.636795e-05
1.692500e+02	1.695000e+02	1.336716e-04	1.909594e-05	1.909594e-05
1.695000e+02	1.697500e+02	1.582235e-04	2.077576e-05	2.077576e-05
1.697500e+02	1.700000e+02	2.100554e-04	2.393803e-05	2.393803e-05
1.700000e+02	1.702500e+02	2.236953e-04	2.470301e-05	2.470301e-05
1.702500e+02	1.705000e+02	3.519109e-04	3.098403e-05	3.098403e-05
1.705000e+02	1.707500e+02	4.201108e-04	3.385348e-05	3.385348e-05
1.707500e+02	1.710000e+02	4.746704e-04	3.598468e-05	3.598468e-05
1.710000e+02	1.712500e+02	6.792700e-04	4.304697e-05	4.304697e-05
1.712500e+02	1.715000e+02	9.384292e-04	5.059671e-05	5.059671e-05
1.715000e+02	1.717500e+02	1.213956e-03	5.754705e-05	5.754705e-05
1.717500e+02	1.720000e+02	1.767738e-03	6.944333e-05	6.944333e-05
1.720000e+02	1.722500e+02	2.294241e-03	7.911175e-05	7.911175e-05
1.722500e+02	1.725000e+02	3.003518e-03	9.051836e-05	9.051836e-05
1.725000e+02	1.727500e+02	2.978967e-03	9.014763e-05	9.014763e-05
1.727500e+02	1.730000e+02	2.433368e-03	8.147520e-05	8.147520e-05
1.730000e+02	1.732500e+02	1.751370e-03	6.912108e-05	6.912108e-05
1.732500e+02	1.735000e+02	1.252148e-03	5.844527e-05	5.844527e-05
1.735000e+02	1.737500e+02	8.565892e-04	4.834013e-05	4.834013e-05
1.737500e+02	1.740000e+02	6.956380e-04	4.356253e-05	4.356253e-05
1.740000e+02	1.742500e+02	5.210464e-04	3.770159e-05	3.770159e-05
1.742500e+02	1.745000e+02	4.392068e-04	3.461433e-05	3.461433e-05
1.745000e+02	1.747500e+02	3.437269e-04	3.062163e-05	3.062163e-05
1.747500e+02	1.750000e+02	2.155113e-04	2.424692e-05	2.424692e-05
# END HISTO1D

