# BEGIN PLOT
LegendOnly=//nfs/dust/atlas/group/top/BS4Tops/r21/atlas-run3-multitops-bsm-joboptions/output/100014_13000GeV_464502/Rivet.yoda.gz/tttt_ttH_1LOS/BaselineSR_jet0Pt_1 //nfs/dust/atlas/group/top/BS4Tops/r21/atlas-run3-multitops-bsm-joboptions/output/100022_13000GeV_353862/Rivet.yoda.gz/tttt_ttH_1LOS/BaselineSR_jet0Pt_1
DrawOnly=//nfs/dust/atlas/group/top/BS4Tops/r21/atlas-run3-multitops-bsm-joboptions/output/100014_13000GeV_464502/Rivet.yoda.gz/tttt_ttH_1LOS/BaselineSR_jet0Pt_1 //nfs/dust/atlas/group/top/BS4Tops/r21/atlas-run3-multitops-bsm-joboptions/output/100022_13000GeV_353862/Rivet.yoda.gz/tttt_ttH_1LOS/BaselineSR_jet0Pt_1
RatioPlotReference=//nfs/dust/atlas/group/top/BS4Tops/r21/atlas-run3-multitops-bsm-joboptions/output/100014_13000GeV_464502/Rivet.yoda.gz/tttt_ttH_1LOS/BaselineSR_jet0Pt_1
RatioPlot=1
LogY=1
RatioPlotYLabel=Ratio
Legend=1
# END PLOT

# BEGIN HISTO1D //nfs/dust/atlas/group/top/BS4Tops/r21/atlas-run3-multitops-bsm-joboptions/output/100014_13000GeV_464502/Rivet.yoda.gz/tttt_ttH_1LOS/BaselineSR_jet0Pt_1
ErrorBars=1
LineColor=red
LineStyle=solid
Path=//nfs/dust/atlas/group/top/BS4Tops/r21/atlas-run3-multitops-bsm-joboptions/output/100014_13000GeV_464502/Rivet.yoda.gz/tttt_ttH_1LOS/BaselineSR_jet0Pt_1
ScaledBy=9.99999999999981074e-05
Title=ttH(tt) 2.4 TeV
# xlow	 xhigh	 val	 errminus	 errplus
0.000000e+00	3.000000e+01	0.000000e+00	0.000000e+00	0.000000e+00
3.000000e+01	6.000000e+01	0.000000e+00	0.000000e+00	0.000000e+00
6.000000e+01	9.000000e+01	1.485929e-09	3.971311e-10	3.971311e-10
9.000000e+01	1.200000e+02	4.988473e-09	7.276438e-10	7.276438e-10
1.200000e+02	1.500000e+02	1.347950e-08	1.196112e-09	1.196112e-09
1.500000e+02	1.800000e+02	1.952935e-08	1.439723e-09	1.439723e-09
1.800000e+02	2.100000e+02	2.271348e-08	1.552662e-09	1.552662e-09
2.100000e+02	2.400000e+02	2.186438e-08	1.523364e-09	1.523364e-09
2.400000e+02	2.700000e+02	1.793728e-08	1.379791e-09	1.379791e-09
2.700000e+02	3.000000e+02	1.485929e-08	1.255839e-09	1.255839e-09
3.000000e+02	3.300000e+02	1.464701e-08	1.246836e-09	1.246836e-09
3.300000e+02	3.600000e+02	1.326722e-08	1.186656e-09	1.186656e-09
3.600000e+02	3.900000e+02	1.358563e-08	1.200812e-09	1.200812e-09
3.900000e+02	4.200000e+02	1.379791e-08	1.210157e-09	1.210157e-09
4.200000e+02	4.500000e+02	1.592066e-08	1.299917e-09	1.299917e-09
4.500000e+02	4.800000e+02	1.411632e-08	1.224040e-09	1.224040e-09
4.800000e+02	5.100000e+02	1.188743e-08	1.123257e-09	1.123257e-09
5.100000e+02	5.400000e+02	1.220584e-08	1.138201e-09	1.138201e-09
5.400000e+02	5.700000e+02	1.241812e-08	1.148055e-09	1.148055e-09
5.700000e+02	6.000000e+02	1.220584e-08	1.138201e-09	1.138201e-09
# END HISTO1D


# BEGIN HISTO1D //nfs/dust/atlas/group/top/BS4Tops/r21/atlas-run3-multitops-bsm-joboptions/output/100022_13000GeV_353862/Rivet.yoda.gz/tttt_ttH_1LOS/BaselineSR_jet0Pt_1
ErrorBars=1
LineColor=blue
LineStyle=solid
Path=//nfs/dust/atlas/group/top/BS4Tops/r21/atlas-run3-multitops-bsm-joboptions/output/100022_13000GeV_353862/Rivet.yoda.gz/tttt_ttH_1LOS/BaselineSR_jet0Pt_1
ScaledBy=9.99999999999971859e-05
Title=SM tttt (LO)
# xlow	 xhigh	 val	 errminus	 errplus
0.000000e+00	3.000000e+01	0.000000e+00	0.000000e+00	0.000000e+00
3.000000e+01	6.000000e+01	1.591328e-07	6.014656e-08	6.014656e-08
6.000000e+01	9.000000e+01	1.864127e-06	2.058584e-07	2.058584e-07
9.000000e+01	1.200000e+02	6.638113e-06	3.884662e-07	3.884662e-07
1.200000e+02	1.500000e+02	1.111657e-05	5.027084e-07	5.027084e-07
1.500000e+02	1.800000e+02	1.191223e-05	5.203881e-07	5.203881e-07
1.800000e+02	2.100000e+02	9.684370e-06	4.692093e-07	4.692093e-07
2.100000e+02	2.400000e+02	7.547443e-06	4.142197e-07	4.142197e-07
2.400000e+02	2.700000e+02	6.092513e-06	3.721595e-07	3.721595e-07
2.700000e+02	3.000000e+02	4.819450e-06	3.310013e-07	3.310013e-07
3.000000e+02	3.300000e+02	3.000791e-06	2.611853e-07	2.611853e-07
3.300000e+02	3.600000e+02	2.887124e-06	2.561909e-07	2.561909e-07
3.600000e+02	3.900000e+02	1.841394e-06	2.045994e-07	2.045994e-07
3.900000e+02	4.200000e+02	1.704995e-06	1.968758e-07	1.968758e-07
4.200000e+02	4.500000e+02	1.363996e-06	1.760911e-07	1.760911e-07
4.500000e+02	4.800000e+02	9.320637e-07	1.455639e-07	1.455639e-07
4.800000e+02	5.100000e+02	1.363996e-06	1.760911e-07	1.760911e-07
5.100000e+02	5.400000e+02	9.093303e-07	1.437778e-07	1.437778e-07
5.400000e+02	5.700000e+02	5.455983e-07	1.113698e-07	1.113698e-07
5.700000e+02	6.000000e+02	5.001317e-07	1.066284e-07	1.066284e-07
# END HISTO1D

