# BEGIN PLOT
LegendOnly=//nfs/dust/atlas/group/top/BS4Tops/r21/atlas-run3-multitops-bsm-joboptions/output/100014_13000GeV_464502/Rivet.yoda.gz/tttt_ttH_1LOS/Inclusive_jet0Pt_2 //nfs/dust/atlas/group/top/BS4Tops/r21/atlas-run3-multitops-bsm-joboptions/output/100022_13000GeV_353862/Rivet.yoda.gz/tttt_ttH_1LOS/Inclusive_jet0Pt_2
DrawOnly=//nfs/dust/atlas/group/top/BS4Tops/r21/atlas-run3-multitops-bsm-joboptions/output/100014_13000GeV_464502/Rivet.yoda.gz/tttt_ttH_1LOS/Inclusive_jet0Pt_2 //nfs/dust/atlas/group/top/BS4Tops/r21/atlas-run3-multitops-bsm-joboptions/output/100022_13000GeV_353862/Rivet.yoda.gz/tttt_ttH_1LOS/Inclusive_jet0Pt_2
RatioPlotReference=//nfs/dust/atlas/group/top/BS4Tops/r21/atlas-run3-multitops-bsm-joboptions/output/100014_13000GeV_464502/Rivet.yoda.gz/tttt_ttH_1LOS/Inclusive_jet0Pt_2
RatioPlot=1
LogY=1
RatioPlotYLabel=Ratio
Legend=1
# END PLOT

# BEGIN HISTO1D //nfs/dust/atlas/group/top/BS4Tops/r21/atlas-run3-multitops-bsm-joboptions/output/100014_13000GeV_464502/Rivet.yoda.gz/tttt_ttH_1LOS/Inclusive_jet0Pt_2
ErrorBars=1
LineColor=red
LineStyle=solid
Path=//nfs/dust/atlas/group/top/BS4Tops/r21/atlas-run3-multitops-bsm-joboptions/output/100014_13000GeV_464502/Rivet.yoda.gz/tttt_ttH_1LOS/Inclusive_jet0Pt_2
ScaledBy=9.99999999999981074e-05
Title=ttH(tt) 2.4 TeV
# xlow	 xhigh	 val	 errminus	 errplus
0.000000e+00	5.000000e+01	0.000000e+00	0.000000e+00	0.000000e+00
5.000000e+01	1.000000e+02	4.648834e-09	5.441048e-10	5.441048e-10
1.000000e+02	1.500000e+02	2.591884e-08	1.284749e-09	1.284749e-09
1.500000e+02	2.000000e+02	3.910116e-08	1.577994e-09	1.577994e-09
2.000000e+02	2.500000e+02	4.260370e-08	1.647154e-09	1.647154e-09
2.500000e+02	3.000000e+02	3.426126e-08	1.477108e-09	1.477108e-09
3.000000e+02	3.500000e+02	2.782932e-08	1.331257e-09	1.331257e-09
3.500000e+02	4.000000e+02	2.738354e-08	1.320552e-09	1.320552e-09
4.000000e+02	4.500000e+02	3.088608e-08	1.402465e-09	1.402465e-09
4.500000e+02	5.000000e+02	2.540938e-08	1.272060e-09	1.272060e-09
5.000000e+02	5.500000e+02	2.362626e-08	1.226615e-09	1.226615e-09
5.500000e+02	6.000000e+02	2.381732e-08	1.231564e-09	1.231564e-09
6.000000e+02	6.500000e+02	2.286208e-08	1.206614e-09	1.206614e-09
6.500000e+02	7.000000e+02	2.197052e-08	1.182853e-09	1.182853e-09
7.000000e+02	7.500000e+02	2.235262e-08	1.193094e-09	1.193094e-09
7.500000e+02	8.000000e+02	2.343522e-08	1.221645e-09	1.221645e-09
8.000000e+02	8.500000e+02	2.394468e-08	1.234853e-09	1.234853e-09
8.500000e+02	9.000000e+02	2.553674e-08	1.275244e-09	1.275244e-09
9.000000e+02	9.500000e+02	2.642830e-08	1.297314e-09	1.297314e-09
9.500000e+02	1.000000e+03	2.534570e-08	1.270465e-09	1.270465e-09
1.000000e+03	1.050000e+03	2.381732e-08	1.231564e-09	1.231564e-09
1.050000e+03	1.100000e+03	2.273470e-08	1.203248e-09	1.203248e-09
1.100000e+03	1.150000e+03	2.209788e-08	1.186276e-09	1.186276e-09
1.150000e+03	1.200000e+03	1.891375e-08	1.097487e-09	1.097487e-09
1.200000e+03	1.250000e+03	1.439228e-08	9.573603e-10	9.573603e-10
1.250000e+03	1.300000e+03	1.095342e-08	8.351903e-10	8.351903e-10
1.300000e+03	1.350000e+03	6.877726e-09	6.618096e-10	6.618096e-10
1.350000e+03	1.400000e+03	6.240900e-09	6.304261e-10	6.304261e-10
1.400000e+03	1.450000e+03	4.394104e-09	5.289879e-10	5.289879e-10
1.450000e+03	1.500000e+03	2.865720e-09	4.271963e-10	4.271963e-10
1.500000e+03	1.550000e+03	1.783114e-09	3.369769e-10	3.369769e-10
1.550000e+03	1.600000e+03	1.273653e-09	2.847975e-10	2.847975e-10
1.600000e+03	1.650000e+03	7.005092e-10	2.112115e-10	2.112115e-10
1.650000e+03	1.700000e+03	3.820960e-10	1.559900e-10	1.559900e-10
1.700000e+03	1.750000e+03	4.457786e-10	1.684885e-10	1.684885e-10
1.750000e+03	1.800000e+03	3.184132e-10	1.423987e-10	1.423987e-10
1.800000e+03	1.850000e+03	2.547306e-10	1.273653e-10	1.273653e-10
1.850000e+03	1.900000e+03	3.184132e-10	1.423987e-10	1.423987e-10
1.900000e+03	1.950000e+03	1.910480e-10	1.103016e-10	1.103016e-10
1.950000e+03	2.000000e+03	1.273653e-10	9.006087e-11	9.006087e-11
# END HISTO1D


# BEGIN HISTO1D //nfs/dust/atlas/group/top/BS4Tops/r21/atlas-run3-multitops-bsm-joboptions/output/100022_13000GeV_353862/Rivet.yoda.gz/tttt_ttH_1LOS/Inclusive_jet0Pt_2
ErrorBars=1
LineColor=blue
LineStyle=solid
Path=//nfs/dust/atlas/group/top/BS4Tops/r21/atlas-run3-multitops-bsm-joboptions/output/100022_13000GeV_353862/Rivet.yoda.gz/tttt_ttH_1LOS/Inclusive_jet0Pt_2
ScaledBy=9.99999999999971859e-05
Title=SM tttt (LO)
# xlow	 xhigh	 val	 errminus	 errplus
0.000000e+00	5.000000e+01	4.091988e-08	2.362510e-08	2.362510e-08
5.000000e+01	1.000000e+02	7.201898e-06	3.134223e-07	3.134223e-07
1.000000e+02	1.500000e+02	3.082630e-05	6.484363e-07	6.484363e-07
1.500000e+02	2.000000e+02	3.249038e-05	6.657080e-07	6.657080e-07
2.000000e+02	2.500000e+02	2.234224e-05	5.520392e-07	5.520392e-07
2.500000e+02	3.000000e+02	1.456747e-05	4.457575e-07	4.457575e-07
3.000000e+02	3.500000e+02	8.129414e-06	3.329938e-07	3.329938e-07
3.500000e+02	4.000000e+02	5.442342e-06	2.724579e-07	2.724579e-07
4.000000e+02	4.500000e+02	4.323866e-06	2.428525e-07	2.428525e-07
4.500000e+02	5.000000e+02	3.137190e-06	2.068601e-07	2.068601e-07
5.000000e+02	5.500000e+02	2.223314e-06	1.741433e-07	1.741433e-07
5.500000e+02	6.000000e+02	1.554955e-06	1.456349e-07	1.456349e-07
6.000000e+02	6.500000e+02	1.159396e-06	1.257542e-07	1.257542e-07
6.500000e+02	7.000000e+02	7.365576e-07	1.002328e-07	1.002328e-07
7.000000e+02	7.500000e+02	6.683580e-07	9.547969e-08	9.547969e-08
7.500000e+02	8.000000e+02	4.773986e-07	8.069508e-08	8.069508e-08
8.000000e+02	8.500000e+02	2.727992e-07	6.099974e-08	6.099974e-08
8.500000e+02	9.000000e+02	1.909594e-07	5.103605e-08	5.103605e-08
9.000000e+02	9.500000e+02	2.045994e-07	5.282733e-08	5.282733e-08
9.500000e+02	1.000000e+03	5.455982e-08	2.727991e-08	2.727991e-08
1.000000e+03	1.050000e+03	8.183974e-08	3.341093e-08	3.341093e-08
1.050000e+03	1.100000e+03	2.727992e-08	1.928981e-08	1.928981e-08
1.100000e+03	1.150000e+03	6.819978e-08	3.049987e-08	3.049987e-08
1.150000e+03	1.200000e+03	1.363996e-08	1.363996e-08	1.363996e-08
1.200000e+03	1.250000e+03	4.091988e-08	2.362510e-08	2.362510e-08
1.250000e+03	1.300000e+03	6.819978e-08	3.049987e-08	3.049987e-08
1.300000e+03	1.350000e+03	1.363996e-08	1.363996e-08	1.363996e-08
1.350000e+03	1.400000e+03	1.363996e-08	1.363996e-08	1.363996e-08
1.400000e+03	1.450000e+03	2.727992e-08	1.928981e-08	1.928981e-08
1.450000e+03	1.500000e+03	0.000000e+00	0.000000e+00	0.000000e+00
1.500000e+03	1.550000e+03	0.000000e+00	0.000000e+00	0.000000e+00
1.550000e+03	1.600000e+03	0.000000e+00	0.000000e+00	0.000000e+00
1.600000e+03	1.650000e+03	0.000000e+00	0.000000e+00	0.000000e+00
1.650000e+03	1.700000e+03	0.000000e+00	0.000000e+00	0.000000e+00
1.700000e+03	1.750000e+03	0.000000e+00	0.000000e+00	0.000000e+00
1.750000e+03	1.800000e+03	0.000000e+00	0.000000e+00	0.000000e+00
1.800000e+03	1.850000e+03	0.000000e+00	0.000000e+00	0.000000e+00
1.850000e+03	1.900000e+03	0.000000e+00	0.000000e+00	0.000000e+00
1.900000e+03	1.950000e+03	0.000000e+00	0.000000e+00	0.000000e+00
1.950000e+03	2.000000e+03	0.000000e+00	0.000000e+00	0.000000e+00
# END HISTO1D

