# BEGIN PLOT
LegendOnly=//nfs/dust/atlas/group/top/BS4Tops/r21/atlas-run3-multitops-bsm-joboptions/output/100014_13000GeV_464502/Rivet.yoda.gz/tttt_ttH_1LOS/Inclusive_HT_2 //nfs/dust/atlas/group/top/BS4Tops/r21/atlas-run3-multitops-bsm-joboptions/output/100022_13000GeV_353862/Rivet.yoda.gz/tttt_ttH_1LOS/Inclusive_HT_2
DrawOnly=//nfs/dust/atlas/group/top/BS4Tops/r21/atlas-run3-multitops-bsm-joboptions/output/100014_13000GeV_464502/Rivet.yoda.gz/tttt_ttH_1LOS/Inclusive_HT_2 //nfs/dust/atlas/group/top/BS4Tops/r21/atlas-run3-multitops-bsm-joboptions/output/100022_13000GeV_353862/Rivet.yoda.gz/tttt_ttH_1LOS/Inclusive_HT_2
RatioPlotReference=//nfs/dust/atlas/group/top/BS4Tops/r21/atlas-run3-multitops-bsm-joboptions/output/100014_13000GeV_464502/Rivet.yoda.gz/tttt_ttH_1LOS/Inclusive_HT_2
RatioPlot=1
LogY=1
RatioPlotYLabel=Ratio
Legend=1
# END PLOT

# BEGIN HISTO1D //nfs/dust/atlas/group/top/BS4Tops/r21/atlas-run3-multitops-bsm-joboptions/output/100014_13000GeV_464502/Rivet.yoda.gz/tttt_ttH_1LOS/Inclusive_HT_2
ErrorBars=1
LineColor=red
LineStyle=solid
Path=//nfs/dust/atlas/group/top/BS4Tops/r21/atlas-run3-multitops-bsm-joboptions/output/100014_13000GeV_464502/Rivet.yoda.gz/tttt_ttH_1LOS/Inclusive_HT_2
ScaledBy=9.99999999999981074e-05
Title=ttH(tt) 2.4 TeV
# xlow	 xhigh	 val	 errminus	 errplus
0.000000e+00	2.000000e+02	0.000000e+00	0.000000e+00	0.000000e+00
2.000000e+02	4.000000e+02	3.502546e-10	7.467453e-11	7.467453e-11
4.000000e+02	6.000000e+02	3.996087e-09	2.522307e-10	2.522307e-10
6.000000e+02	8.000000e+02	9.249905e-09	3.837508e-10	3.837508e-10
8.000000e+02	1.000000e+03	1.174945e-08	4.325032e-10	4.325032e-10
1.000000e+03	1.200000e+03	1.198826e-08	4.368765e-10	4.368765e-10
1.200000e+03	1.400000e+03	1.197234e-08	4.365863e-10	4.365863e-10
1.400000e+03	1.600000e+03	1.151064e-08	4.280853e-10	4.280853e-10
1.600000e+03	1.800000e+03	1.295942e-08	4.542274e-10	4.542274e-10
1.800000e+03	2.000000e+03	1.337336e-08	4.614247e-10	4.614247e-10
2.000000e+03	2.200000e+03	1.426492e-08	4.765574e-10	4.765574e-10
2.200000e+03	2.400000e+03	1.340520e-08	4.619737e-10	4.619737e-10
2.400000e+03	2.600000e+03	1.246588e-08	4.454942e-10	4.454942e-10
2.600000e+03	2.800000e+03	1.039620e-08	4.068345e-10	4.068345e-10
2.800000e+03	3.000000e+03	7.976255e-09	3.563527e-10	3.563527e-10
3.000000e+03	3.200000e+03	4.839882e-09	2.775862e-10	2.775862e-10
3.200000e+03	3.400000e+03	3.247815e-09	2.273926e-10	2.273926e-10
3.400000e+03	3.600000e+03	1.990083e-09	1.779985e-10	1.779985e-10
3.600000e+03	3.800000e+03	1.480622e-09	1.535333e-10	1.535333e-10
3.800000e+03	4.000000e+03	7.801125e-10	1.114446e-10	1.114446e-10
4.000000e+03	4.200000e+03	3.980166e-10	7.960331e-11	7.960331e-11
4.200000e+03	4.400000e+03	2.865719e-10	6.754565e-11	6.754565e-11
4.400000e+03	4.600000e+03	1.592067e-10	5.034556e-11	5.034556e-11
4.600000e+03	4.800000e+03	1.273653e-10	4.503044e-11	4.503044e-11
4.800000e+03	5.000000e+03	9.552400e-11	3.899750e-11	3.899750e-11
5.000000e+03	5.200000e+03	6.368265e-11	3.184133e-11	3.184133e-11
5.200000e+03	5.400000e+03	3.184133e-11	2.251522e-11	2.251522e-11
5.400000e+03	5.600000e+03	1.592067e-11	1.592066e-11	1.592066e-11
5.600000e+03	5.800000e+03	0.000000e+00	0.000000e+00	0.000000e+00
5.800000e+03	6.000000e+03	1.592067e-11	1.592066e-11	1.592066e-11
# END HISTO1D


# BEGIN HISTO1D //nfs/dust/atlas/group/top/BS4Tops/r21/atlas-run3-multitops-bsm-joboptions/output/100022_13000GeV_353862/Rivet.yoda.gz/tttt_ttH_1LOS/Inclusive_HT_2
ErrorBars=1
LineColor=blue
LineStyle=solid
Path=//nfs/dust/atlas/group/top/BS4Tops/r21/atlas-run3-multitops-bsm-joboptions/output/100022_13000GeV_353862/Rivet.yoda.gz/tttt_ttH_1LOS/Inclusive_HT_2
ScaledBy=9.99999999999971859e-05
Title=SM tttt (LO)
# xlow	 xhigh	 val	 errminus	 errplus
0.000000e+00	2.000000e+02	3.409989e-09	3.409989e-09	3.409989e-09
2.000000e+02	4.000000e+02	6.683580e-07	4.773985e-08	4.773985e-08
4.000000e+02	6.000000e+02	4.913794e-06	1.294449e-07	1.294449e-07
6.000000e+02	8.000000e+02	9.166050e-06	1.767940e-07	1.767940e-07
8.000000e+02	1.000000e+03	7.877075e-06	1.638925e-07	1.638925e-07
1.000000e+03	1.200000e+03	4.896745e-06	1.292202e-07	1.292202e-07
1.200000e+03	1.400000e+03	2.932591e-06	1.000005e-07	1.000005e-07
1.400000e+03	1.600000e+03	1.612925e-06	7.416237e-08	7.416237e-08
1.600000e+03	1.800000e+03	9.275170e-07	5.623898e-08	5.623898e-08
1.800000e+03	2.000000e+03	5.285485e-07	4.245403e-08	4.245403e-08
2.000000e+03	2.200000e+03	2.455192e-07	2.893472e-08	2.893472e-08
2.200000e+03	2.400000e+03	1.670895e-07	2.386992e-08	2.386992e-08
2.400000e+03	2.600000e+03	6.819980e-08	1.524994e-08	1.524994e-08
2.600000e+03	2.800000e+03	3.750988e-08	1.130966e-08	1.130966e-08
2.800000e+03	3.000000e+03	2.727991e-08	9.644907e-09	9.644907e-09
3.000000e+03	3.200000e+03	6.819980e-09	4.822453e-09	4.822453e-09
3.200000e+03	3.400000e+03	1.704994e-08	7.624967e-09	7.624967e-09
3.400000e+03	3.600000e+03	0.000000e+00	0.000000e+00	0.000000e+00
3.600000e+03	3.800000e+03	3.409989e-09	3.409989e-09	3.409989e-09
3.800000e+03	4.000000e+03	0.000000e+00	0.000000e+00	0.000000e+00
4.000000e+03	4.200000e+03	0.000000e+00	0.000000e+00	0.000000e+00
4.200000e+03	4.400000e+03	0.000000e+00	0.000000e+00	0.000000e+00
4.400000e+03	4.600000e+03	0.000000e+00	0.000000e+00	0.000000e+00
4.600000e+03	4.800000e+03	0.000000e+00	0.000000e+00	0.000000e+00
4.800000e+03	5.000000e+03	0.000000e+00	0.000000e+00	0.000000e+00
5.000000e+03	5.200000e+03	0.000000e+00	0.000000e+00	0.000000e+00
5.200000e+03	5.400000e+03	0.000000e+00	0.000000e+00	0.000000e+00
5.400000e+03	5.600000e+03	0.000000e+00	0.000000e+00	0.000000e+00
5.600000e+03	5.800000e+03	0.000000e+00	0.000000e+00	0.000000e+00
5.800000e+03	6.000000e+03	0.000000e+00	0.000000e+00	0.000000e+00
# END HISTO1D

