# BEGIN PLOT
LegendOnly=//nfs/dust/atlas/group/top/BS4Tops/r21/atlas-run3-multitops-bsm-joboptions/output/100002_13000GeV_410192/Rivet.yoda.gz/tttt_ttH_1LOS/Inclusive_jet1Pt //nfs/dust/atlas/group/top/BS4Tops/r21/atlas-run3-multitops-bsm-joboptions/output/100022_13000GeV_353862/Rivet.yoda.gz/tttt_ttH_1LOS/Inclusive_jet1Pt
DrawOnly=//nfs/dust/atlas/group/top/BS4Tops/r21/atlas-run3-multitops-bsm-joboptions/output/100002_13000GeV_410192/Rivet.yoda.gz/tttt_ttH_1LOS/Inclusive_jet1Pt //nfs/dust/atlas/group/top/BS4Tops/r21/atlas-run3-multitops-bsm-joboptions/output/100022_13000GeV_353862/Rivet.yoda.gz/tttt_ttH_1LOS/Inclusive_jet1Pt
RatioPlotReference=//nfs/dust/atlas/group/top/BS4Tops/r21/atlas-run3-multitops-bsm-joboptions/output/100002_13000GeV_410192/Rivet.yoda.gz/tttt_ttH_1LOS/Inclusive_jet1Pt
RatioPlot=1
LogY=1
RatioPlotYLabel=Ratio
Legend=1
# END PLOT

# BEGIN HISTO1D //nfs/dust/atlas/group/top/BS4Tops/r21/atlas-run3-multitops-bsm-joboptions/output/100002_13000GeV_410192/Rivet.yoda.gz/tttt_ttH_1LOS/Inclusive_jet1Pt
ErrorBars=1
LineColor=red
LineStyle=solid
Path=//nfs/dust/atlas/group/top/BS4Tops/r21/atlas-run3-multitops-bsm-joboptions/output/100002_13000GeV_410192/Rivet.yoda.gz/tttt_ttH_1LOS/Inclusive_jet1Pt
ScaledBy=1.00000000000008014e-04
Title=ttH(tt) 1.2 TeV
# xlow	 xhigh	 val	 errminus	 errplus
0.000000e+00	2.250000e+01	0.000000e+00	0.000000e+00	0.000000e+00
2.250000e+01	4.500000e+01	2.345452e-08	1.354148e-08	1.354148e-08
4.500000e+01	6.750000e+01	2.814543e-07	4.690904e-08	4.690904e-08
6.750000e+01	9.000000e+01	1.375999e-06	1.037198e-07	1.037198e-07
9.000000e+01	1.125000e+02	2.963088e-06	1.522036e-07	1.522036e-07
1.125000e+02	1.350000e+02	4.299996e-06	1.833525e-07	1.833525e-07
1.350000e+02	1.575000e+02	5.926178e-06	2.152484e-07	2.152484e-07
1.575000e+02	1.800000e+02	6.997267e-06	2.338928e-07	2.338928e-07
1.800000e+02	2.025000e+02	7.325631e-06	2.393179e-07	2.393179e-07
2.025000e+02	2.250000e+02	7.036356e-06	2.345453e-07	2.345453e-07
2.250000e+02	2.475000e+02	6.739267e-06	2.295403e-07	2.295403e-07
2.475000e+02	2.700000e+02	6.207631e-06	2.203006e-07	2.203006e-07
2.700000e+02	2.925000e+02	5.214724e-06	2.019149e-07	2.019149e-07
2.925000e+02	3.150000e+02	4.487631e-06	1.873102e-07	1.873102e-07
3.150000e+02	3.375000e+02	3.596360e-06	1.676812e-07	1.676812e-07
3.375000e+02	3.600000e+02	2.861452e-06	1.495705e-07	1.495705e-07
3.600000e+02	3.825000e+02	2.314180e-06	1.345090e-07	1.345090e-07
3.825000e+02	4.050000e+02	1.852908e-06	1.203593e-07	1.203593e-07
4.050000e+02	4.275000e+02	1.641817e-06	1.132961e-07	1.132961e-07
4.275000e+02	4.500000e+02	1.243090e-06	9.858344e-08	9.858344e-08
# END HISTO1D


# BEGIN HISTO1D //nfs/dust/atlas/group/top/BS4Tops/r21/atlas-run3-multitops-bsm-joboptions/output/100022_13000GeV_353862/Rivet.yoda.gz/tttt_ttH_1LOS/Inclusive_jet1Pt
ErrorBars=1
LineColor=blue
LineStyle=solid
Path=//nfs/dust/atlas/group/top/BS4Tops/r21/atlas-run3-multitops-bsm-joboptions/output/100022_13000GeV_353862/Rivet.yoda.gz/tttt_ttH_1LOS/Inclusive_jet1Pt
ScaledBy=9.99999999999971859e-05
Title=SM tttt (LO)
# xlow	 xhigh	 val	 errminus	 errplus
0.000000e+00	2.250000e+01	0.000000e+00	0.000000e+00	0.000000e+00
2.250000e+01	4.500000e+01	3.031102e-07	9.585185e-08	9.585185e-08
4.500000e+01	6.750000e+01	6.941222e-06	4.586888e-07	4.586888e-07
6.750000e+01	9.000000e+01	3.203874e-05	9.854577e-07	9.854577e-07
9.000000e+01	1.125000e+02	4.898262e-05	1.218488e-06	1.218488e-06
1.125000e+02	1.350000e+02	5.128622e-05	1.246811e-06	1.246811e-06
1.350000e+02	1.575000e+02	4.273853e-05	1.138178e-06	1.138178e-06
1.575000e+02	1.800000e+02	3.212968e-05	9.868551e-07	9.868551e-07
1.800000e+02	2.025000e+02	2.540063e-05	8.774503e-07	8.774503e-07
2.025000e+02	2.250000e+02	1.645888e-05	7.063182e-07	7.063182e-07
2.250000e+02	2.475000e+02	1.088165e-05	5.743118e-07	5.743118e-07
2.475000e+02	2.700000e+02	9.547969e-06	5.379671e-07	5.379671e-07
2.700000e+02	2.925000e+02	6.183449e-06	4.329279e-07	4.329279e-07
2.925000e+02	3.150000e+02	3.970743e-06	3.469254e-07	3.469254e-07
3.150000e+02	3.375000e+02	3.212968e-06	3.120710e-07	3.120710e-07
3.375000e+02	3.600000e+02	2.182393e-06	2.571975e-07	2.571975e-07
3.600000e+02	3.825000e+02	1.454929e-06	2.100009e-07	2.100009e-07
3.825000e+02	4.050000e+02	1.606484e-06	2.206675e-07	2.206675e-07
4.050000e+02	4.275000e+02	1.242752e-06	1.940852e-07	1.940852e-07
4.275000e+02	4.500000e+02	1.273063e-06	1.964379e-07	1.964379e-07
# END HISTO1D

