# BEGIN PLOT
LegendOnly=//nfs/dust/atlas/group/top/BS4Tops/r21/atlas-run3-multitops-bsm-joboptions/output/100007_13000GeV_271516/Rivet.yoda.gz/tttt_ttH/Inclusive_mTop3_zoomin //nfs/dust/atlas/group/top/BS4Tops/r21/atlas-run3-multitops-bsm-joboptions/output/100022_13000GeV_353862/Rivet.yoda.gz/tttt_ttH/Inclusive_mTop3_zoomin
DrawOnly=//nfs/dust/atlas/group/top/BS4Tops/r21/atlas-run3-multitops-bsm-joboptions/output/100007_13000GeV_271516/Rivet.yoda.gz/tttt_ttH/Inclusive_mTop3_zoomin //nfs/dust/atlas/group/top/BS4Tops/r21/atlas-run3-multitops-bsm-joboptions/output/100022_13000GeV_353862/Rivet.yoda.gz/tttt_ttH/Inclusive_mTop3_zoomin
RatioPlotReference=//nfs/dust/atlas/group/top/BS4Tops/r21/atlas-run3-multitops-bsm-joboptions/output/100007_13000GeV_271516/Rivet.yoda.gz/tttt_ttH/Inclusive_mTop3_zoomin
RatioPlot=1
LogY=1
RatioPlotYLabel=Ratio
Legend=1
# END PLOT

# BEGIN HISTO1D //nfs/dust/atlas/group/top/BS4Tops/r21/atlas-run3-multitops-bsm-joboptions/output/100007_13000GeV_271516/Rivet.yoda.gz/tttt_ttH/Inclusive_mTop3_zoomin
ErrorBars=1
LineColor=red
LineStyle=solid
Path=//nfs/dust/atlas/group/top/BS4Tops/r21/atlas-run3-multitops-bsm-joboptions/output/100007_13000GeV_271516/Rivet.yoda.gz/tttt_ttH/Inclusive_mTop3_zoomin
ScaledBy=1.00000000000006889e-04
Title=ttH(tt) 1.7 TeV
# xlow	 xhigh	 val	 errminus	 errplus
1.650000e+02	1.652500e+02	1.056879e-06	3.186609e-07	3.186609e-07
1.652500e+02	1.655000e+02	1.441198e-06	3.721158e-07	3.721158e-07
1.655000e+02	1.657500e+02	1.056879e-06	3.186609e-07	3.186609e-07
1.657500e+02	1.660000e+02	2.209838e-06	4.607830e-07	4.607830e-07
1.660000e+02	1.662500e+02	1.345118e-06	3.594980e-07	3.594980e-07
1.662500e+02	1.665000e+02	1.537278e-06	3.843196e-07	3.843196e-07
1.665000e+02	1.667500e+02	1.921598e-06	4.296823e-07	4.296823e-07
1.667500e+02	1.670000e+02	2.498077e-06	4.899133e-07	4.899133e-07
1.670000e+02	1.672500e+02	2.401997e-06	4.803995e-07	4.803995e-07
1.672500e+02	1.675000e+02	2.401997e-06	4.803995e-07	4.803995e-07
1.675000e+02	1.677500e+02	2.209838e-06	4.607830e-07	4.607830e-07
1.677500e+02	1.680000e+02	3.170636e-06	5.519370e-07	5.519370e-07
1.680000e+02	1.682500e+02	3.458876e-06	5.764794e-07	5.764794e-07
1.682500e+02	1.685000e+02	3.458876e-06	5.764794e-07	5.764794e-07
1.685000e+02	1.687500e+02	5.572632e-06	7.317227e-07	7.317227e-07
1.687500e+02	1.690000e+02	5.572632e-06	7.317227e-07	7.317227e-07
1.690000e+02	1.692500e+02	6.245192e-06	7.746208e-07	7.746208e-07
1.692500e+02	1.695000e+02	8.839348e-06	9.215659e-07	9.215659e-07
1.695000e+02	1.697500e+02	9.415828e-06	9.511424e-07	9.511424e-07
1.697500e+02	1.700000e+02	9.896228e-06	9.751043e-07	9.751043e-07
1.700000e+02	1.702500e+02	1.354726e-05	1.140885e-06	1.140885e-06
1.702500e+02	1.705000e+02	1.662182e-05	1.263734e-06	1.263734e-06
1.705000e+02	1.707500e+02	2.325133e-05	1.494652e-06	1.494652e-06
1.707500e+02	1.710000e+02	3.189852e-05	1.750659e-06	1.750659e-06
1.710000e+02	1.712500e+02	4.179476e-05	2.003905e-06	2.003905e-06
1.712500e+02	1.715000e+02	5.630280e-05	2.325848e-06	2.325848e-06
1.715000e+02	1.717500e+02	8.109144e-05	2.791282e-06	2.791282e-06
1.717500e+02	1.720000e+02	1.027094e-04	3.141386e-06	3.141386e-06
1.720000e+02	1.722500e+02	9.819364e-05	3.071553e-06	3.071553e-06
1.722500e+02	1.725000e+02	8.685620e-05	2.888795e-06	2.888795e-06
1.725000e+02	1.727500e+02	6.725592e-05	2.542035e-06	2.542035e-06
1.727500e+02	1.730000e+02	4.506148e-05	2.080745e-06	2.080745e-06
1.730000e+02	1.732500e+02	3.103380e-05	1.726767e-06	1.726767e-06
1.732500e+02	1.735000e+02	2.574941e-05	1.572895e-06	1.572895e-06
1.735000e+02	1.737500e+02	1.863950e-05	1.338238e-06	1.338238e-06
1.737500e+02	1.740000e+02	1.508454e-05	1.203878e-06	1.203878e-06
1.740000e+02	1.742500e+02	1.229822e-05	1.087020e-06	1.087020e-06
1.742500e+02	1.745000e+02	9.511908e-06	9.559828e-07	9.559828e-07
1.745000e+02	1.747500e+02	8.455032e-06	9.013093e-07	9.013093e-07
1.747500e+02	1.750000e+02	7.205992e-06	8.320762e-07	8.320762e-07
# END HISTO1D


# BEGIN HISTO1D //nfs/dust/atlas/group/top/BS4Tops/r21/atlas-run3-multitops-bsm-joboptions/output/100022_13000GeV_353862/Rivet.yoda.gz/tttt_ttH/Inclusive_mTop3_zoomin
ErrorBars=1
LineColor=blue
LineStyle=solid
Path=//nfs/dust/atlas/group/top/BS4Tops/r21/atlas-run3-multitops-bsm-joboptions/output/100022_13000GeV_353862/Rivet.yoda.gz/tttt_ttH/Inclusive_mTop3_zoomin
ScaledBy=9.99999999999971859e-05
Title=SM tttt (LO)
# xlow	 xhigh	 val	 errminus	 errplus
1.650000e+02	1.652500e+02	3.000790e-05	9.047724e-06	9.047724e-06
1.652500e+02	1.655000e+02	6.274380e-05	1.308298e-05	1.308298e-05
1.655000e+02	1.657500e+02	2.182393e-05	7.715925e-06	7.715925e-06
1.657500e+02	1.660000e+02	3.000790e-05	9.047724e-06	9.047724e-06
1.660000e+02	1.662500e+02	1.636795e-05	6.682186e-06	6.682186e-06
1.662500e+02	1.665000e+02	3.546389e-05	9.835913e-06	9.835913e-06
1.665000e+02	1.667500e+02	4.910384e-05	1.157389e-05	1.157389e-05
1.667500e+02	1.670000e+02	2.727992e-05	8.626667e-06	8.626667e-06
1.670000e+02	1.672500e+02	3.000790e-05	9.047724e-06	9.047724e-06
1.672500e+02	1.675000e+02	3.273590e-05	9.450040e-06	9.450040e-06
1.675000e+02	1.677500e+02	4.910384e-05	1.157389e-05	1.157389e-05
1.677500e+02	1.680000e+02	6.001580e-05	1.279541e-05	1.279541e-05
1.680000e+02	1.682500e+02	4.637584e-05	1.124780e-05	1.124780e-05
1.682500e+02	1.685000e+02	1.118476e-04	1.746767e-05	1.746767e-05
1.685000e+02	1.687500e+02	1.200316e-04	1.809545e-05	1.809545e-05
1.687500e+02	1.690000e+02	9.820768e-05	1.636795e-05	1.636795e-05
1.690000e+02	1.692500e+02	1.200316e-04	1.809545e-05	1.809545e-05
1.692500e+02	1.695000e+02	1.391276e-04	1.948176e-05	1.948176e-05
1.695000e+02	1.697500e+02	2.182393e-04	2.439990e-05	2.439990e-05
1.697500e+02	1.700000e+02	1.800474e-04	2.216231e-05	2.216231e-05
1.700000e+02	1.702500e+02	2.400632e-04	2.559083e-05	2.559083e-05
1.702500e+02	1.705000e+02	3.082630e-04	2.899895e-05	2.899895e-05
1.705000e+02	1.707500e+02	3.464549e-04	3.074290e-05	3.074290e-05
1.707500e+02	1.710000e+02	5.265024e-04	3.789847e-05	3.789847e-05
1.710000e+02	1.712500e+02	5.865180e-04	4.000020e-05	4.000020e-05
1.712500e+02	1.715000e+02	9.329732e-04	5.044940e-05	5.044940e-05
1.715000e+02	1.717500e+02	1.233052e-03	5.799789e-05	5.799789e-05
1.717500e+02	1.720000e+02	1.762282e-03	6.933607e-05	6.933607e-05
1.720000e+02	1.722500e+02	2.523392e-03	8.296862e-05	8.296862e-05
1.722500e+02	1.725000e+02	3.003518e-03	9.051836e-05	9.051836e-05
1.725000e+02	1.727500e+02	2.861663e-03	8.835492e-05	8.835492e-05
1.727500e+02	1.730000e+02	2.474288e-03	8.215739e-05	8.215739e-05
1.730000e+02	1.732500e+02	1.789562e-03	6.987067e-05	6.987067e-05
1.732500e+02	1.735000e+02	1.233052e-03	5.799789e-05	5.799789e-05
1.735000e+02	1.737500e+02	8.593172e-04	4.841704e-05	4.841704e-05
1.737500e+02	1.740000e+02	6.656300e-04	4.261258e-05	4.261258e-05
1.740000e+02	1.742500e+02	5.401424e-04	3.838624e-05	3.838624e-05
1.742500e+02	1.745000e+02	4.446628e-04	3.482866e-05	3.482866e-05
1.745000e+02	1.747500e+02	2.891671e-04	2.808639e-05	2.808639e-05
1.747500e+02	1.750000e+02	2.646152e-04	2.686760e-05	2.686760e-05
# END HISTO1D

