# BEGIN PLOT
LegendOnly=//nfs/dust/atlas/group/top/BS4Tops/r21/atlas-run3-multitops-bsm-joboptions/output/100005_13000GeV_150066/Rivet.yoda.gz/tttt_ttH_1LOS/BaselineSR_jet0Pt_1 //nfs/dust/atlas/group/top/BS4Tops/r21/atlas-run3-multitops-bsm-joboptions/output/100022_13000GeV_353862/Rivet.yoda.gz/tttt_ttH_1LOS/BaselineSR_jet0Pt_1
DrawOnly=//nfs/dust/atlas/group/top/BS4Tops/r21/atlas-run3-multitops-bsm-joboptions/output/100005_13000GeV_150066/Rivet.yoda.gz/tttt_ttH_1LOS/BaselineSR_jet0Pt_1 //nfs/dust/atlas/group/top/BS4Tops/r21/atlas-run3-multitops-bsm-joboptions/output/100022_13000GeV_353862/Rivet.yoda.gz/tttt_ttH_1LOS/BaselineSR_jet0Pt_1
RatioPlotReference=//nfs/dust/atlas/group/top/BS4Tops/r21/atlas-run3-multitops-bsm-joboptions/output/100005_13000GeV_150066/Rivet.yoda.gz/tttt_ttH_1LOS/BaselineSR_jet0Pt_1
RatioPlot=1
LogY=1
RatioPlotYLabel=Ratio
Legend=1
# END PLOT

# BEGIN HISTO1D //nfs/dust/atlas/group/top/BS4Tops/r21/atlas-run3-multitops-bsm-joboptions/output/100005_13000GeV_150066/Rivet.yoda.gz/tttt_ttH_1LOS/BaselineSR_jet0Pt_1
ErrorBars=1
LineColor=red
LineStyle=solid
Path=//nfs/dust/atlas/group/top/BS4Tops/r21/atlas-run3-multitops-bsm-joboptions/output/100005_13000GeV_150066/Rivet.yoda.gz/tttt_ttH_1LOS/BaselineSR_jet0Pt_1
ScaledBy=1.00000000000010833e-04
Title=ttH(tt) 1.5 TeV
# xlow	 xhigh	 val	 errminus	 errplus
0.000000e+00	3.000000e+01	0.000000e+00	0.000000e+00	0.000000e+00
3.000000e+01	6.000000e+01	0.000000e+00	0.000000e+00	0.000000e+00
6.000000e+01	9.000000e+01	1.237636e-08	4.375703e-09	4.375703e-09
9.000000e+01	1.200000e+02	5.724067e-08	9.410306e-09	9.410306e-09
1.200000e+02	1.500000e+02	1.577986e-07	1.562439e-08	1.562439e-08
1.500000e+02	1.800000e+02	2.026629e-07	1.770674e-08	1.770674e-08
1.800000e+02	2.100000e+02	2.815622e-07	2.087078e-08	2.087078e-08
2.100000e+02	2.400000e+02	3.202383e-07	2.225810e-08	2.225810e-08
2.400000e+02	2.700000e+02	3.449910e-07	2.310231e-08	2.310231e-08
2.700000e+02	3.000000e+02	3.418970e-07	2.299848e-08	2.299848e-08
3.000000e+02	3.300000e+02	3.728377e-07	2.401659e-08	2.401659e-08
3.300000e+02	3.600000e+02	3.480850e-07	2.320567e-08	2.320567e-08
3.600000e+02	3.900000e+02	3.434440e-07	2.305045e-08	2.305045e-08
3.900000e+02	4.200000e+02	3.666497e-07	2.381645e-08	2.381645e-08
4.200000e+02	4.500000e+02	3.898553e-07	2.455858e-08	2.455858e-08
4.500000e+02	4.800000e+02	3.774790e-07	2.416561e-08	2.416561e-08
4.800000e+02	5.100000e+02	3.697437e-07	2.391673e-08	2.391673e-08
5.100000e+02	5.400000e+02	3.759320e-07	2.411604e-08	2.411604e-08
5.400000e+02	5.700000e+02	3.604613e-07	2.361461e-08	2.361461e-08
5.700000e+02	6.000000e+02	3.527263e-07	2.335987e-08	2.335987e-08
# END HISTO1D


# BEGIN HISTO1D //nfs/dust/atlas/group/top/BS4Tops/r21/atlas-run3-multitops-bsm-joboptions/output/100022_13000GeV_353862/Rivet.yoda.gz/tttt_ttH_1LOS/BaselineSR_jet0Pt_1
ErrorBars=1
LineColor=blue
LineStyle=solid
Path=//nfs/dust/atlas/group/top/BS4Tops/r21/atlas-run3-multitops-bsm-joboptions/output/100022_13000GeV_353862/Rivet.yoda.gz/tttt_ttH_1LOS/BaselineSR_jet0Pt_1
ScaledBy=9.99999999999971859e-05
Title=SM tttt (LO)
# xlow	 xhigh	 val	 errminus	 errplus
0.000000e+00	3.000000e+01	0.000000e+00	0.000000e+00	0.000000e+00
3.000000e+01	6.000000e+01	1.591328e-07	6.014656e-08	6.014656e-08
6.000000e+01	9.000000e+01	1.864127e-06	2.058584e-07	2.058584e-07
9.000000e+01	1.200000e+02	6.638113e-06	3.884662e-07	3.884662e-07
1.200000e+02	1.500000e+02	1.111657e-05	5.027084e-07	5.027084e-07
1.500000e+02	1.800000e+02	1.191223e-05	5.203881e-07	5.203881e-07
1.800000e+02	2.100000e+02	9.684370e-06	4.692093e-07	4.692093e-07
2.100000e+02	2.400000e+02	7.547443e-06	4.142197e-07	4.142197e-07
2.400000e+02	2.700000e+02	6.092513e-06	3.721595e-07	3.721595e-07
2.700000e+02	3.000000e+02	4.819450e-06	3.310013e-07	3.310013e-07
3.000000e+02	3.300000e+02	3.000791e-06	2.611853e-07	2.611853e-07
3.300000e+02	3.600000e+02	2.887124e-06	2.561909e-07	2.561909e-07
3.600000e+02	3.900000e+02	1.841394e-06	2.045994e-07	2.045994e-07
3.900000e+02	4.200000e+02	1.704995e-06	1.968758e-07	1.968758e-07
4.200000e+02	4.500000e+02	1.363996e-06	1.760911e-07	1.760911e-07
4.500000e+02	4.800000e+02	9.320637e-07	1.455639e-07	1.455639e-07
4.800000e+02	5.100000e+02	1.363996e-06	1.760911e-07	1.760911e-07
5.100000e+02	5.400000e+02	9.093303e-07	1.437778e-07	1.437778e-07
5.400000e+02	5.700000e+02	5.455983e-07	1.113698e-07	1.113698e-07
5.700000e+02	6.000000e+02	5.001317e-07	1.066284e-07	1.066284e-07
# END HISTO1D

