# BEGIN PLOT
LegendOnly=//nfs/dust/atlas/group/top/BS4Tops/r21/atlas-run3-multitops-bsm-joboptions/output/100005_13000GeV_150066/Rivet.yoda.gz/tttt_ttH/Inclusive_mTop4_zoomin //nfs/dust/atlas/group/top/BS4Tops/r21/atlas-run3-multitops-bsm-joboptions/output/100022_13000GeV_353862/Rivet.yoda.gz/tttt_ttH/Inclusive_mTop4_zoomin
DrawOnly=//nfs/dust/atlas/group/top/BS4Tops/r21/atlas-run3-multitops-bsm-joboptions/output/100005_13000GeV_150066/Rivet.yoda.gz/tttt_ttH/Inclusive_mTop4_zoomin //nfs/dust/atlas/group/top/BS4Tops/r21/atlas-run3-multitops-bsm-joboptions/output/100022_13000GeV_353862/Rivet.yoda.gz/tttt_ttH/Inclusive_mTop4_zoomin
RatioPlotReference=//nfs/dust/atlas/group/top/BS4Tops/r21/atlas-run3-multitops-bsm-joboptions/output/100005_13000GeV_150066/Rivet.yoda.gz/tttt_ttH/Inclusive_mTop4_zoomin
RatioPlot=1
LogY=1
RatioPlotYLabel=Ratio
Legend=1
# END PLOT

# BEGIN HISTO1D //nfs/dust/atlas/group/top/BS4Tops/r21/atlas-run3-multitops-bsm-joboptions/output/100005_13000GeV_150066/Rivet.yoda.gz/tttt_ttH/Inclusive_mTop4_zoomin
ErrorBars=1
LineColor=red
LineStyle=solid
Path=//nfs/dust/atlas/group/top/BS4Tops/r21/atlas-run3-multitops-bsm-joboptions/output/100005_13000GeV_150066/Rivet.yoda.gz/tttt_ttH/Inclusive_mTop4_zoomin
ScaledBy=1.00000000000010833e-04
Title=ttH(tt) 1.5 TeV
# xlow	 xhigh	 val	 errminus	 errplus
1.650000e+02	1.652500e+02	2.413390e-06	6.693540e-07	6.693540e-07
1.652500e+02	1.655000e+02	2.413390e-06	6.693540e-07	6.693540e-07
1.655000e+02	1.657500e+02	2.227745e-06	6.430945e-07	6.430945e-07
1.657500e+02	1.660000e+02	2.784681e-06	7.190015e-07	7.190015e-07
1.660000e+02	1.662500e+02	1.485163e-06	5.250844e-07	5.250844e-07
1.662500e+02	1.665000e+02	3.341617e-06	7.876266e-07	7.876266e-07
1.665000e+02	1.667500e+02	2.970326e-06	7.425816e-07	7.425816e-07
1.667500e+02	1.670000e+02	2.784681e-06	7.190015e-07	7.190015e-07
1.670000e+02	1.672500e+02	4.641136e-06	9.282270e-07	9.282270e-07
1.672500e+02	1.675000e+02	4.455488e-06	9.094729e-07	9.094729e-07
1.675000e+02	1.677500e+02	2.599035e-06	6.946214e-07	6.946214e-07
1.677500e+02	1.680000e+02	6.311944e-06	1.082489e-06	1.082489e-06
1.680000e+02	1.682500e+02	6.497588e-06	1.098293e-06	1.098293e-06
1.682500e+02	1.685000e+02	8.539688e-06	1.259108e-06	1.259108e-06
1.685000e+02	1.687500e+02	9.467916e-06	1.325773e-06	1.325773e-06
1.687500e+02	1.690000e+02	1.095308e-05	1.425969e-06	1.425969e-06
1.690000e+02	1.692500e+02	1.633679e-05	1.741508e-06	1.741508e-06
1.692500e+02	1.695000e+02	1.448034e-05	1.639576e-06	1.639576e-06
1.695000e+02	1.697500e+02	1.726502e-05	1.790299e-06	1.790299e-06
1.697500e+02	1.700000e+02	2.060664e-05	1.955895e-06	1.955895e-06
1.700000e+02	1.702500e+02	2.524777e-05	2.164979e-06	2.164979e-06
1.702500e+02	1.705000e+02	3.360182e-05	2.497603e-06	2.497603e-06
1.705000e+02	1.707500e+02	4.362668e-05	2.845890e-06	2.845890e-06
1.707500e+02	1.710000e+02	6.479024e-05	3.468142e-06	3.468142e-06
1.710000e+02	1.712500e+02	8.595380e-05	3.994612e-06	3.994612e-06
1.712500e+02	1.715000e+02	1.234542e-04	4.787348e-06	4.787348e-06
1.715000e+02	1.717500e+02	1.577986e-04	5.412446e-06	5.412446e-06
1.717500e+02	1.720000e+02	1.863880e-04	5.882352e-06	5.882352e-06
1.720000e+02	1.722500e+02	1.797047e-04	5.775929e-06	5.775929e-06
1.722500e+02	1.725000e+02	1.726502e-04	5.661423e-06	5.661423e-06
1.725000e+02	1.727500e+02	1.176992e-04	4.674431e-06	4.674431e-06
1.727500e+02	1.730000e+02	8.316912e-05	3.929372e-06	3.929372e-06
1.730000e+02	1.732500e+02	6.571848e-05	3.492897e-06	3.492897e-06
1.732500e+02	1.735000e+02	5.049556e-05	3.061742e-06	3.061742e-06
1.735000e+02	1.737500e+02	3.972811e-05	2.715758e-06	2.715758e-06
1.737500e+02	1.740000e+02	2.506213e-05	2.157005e-06	2.157005e-06
1.740000e+02	1.742500e+02	2.172051e-05	2.008062e-06	2.008062e-06
1.742500e+02	1.745000e+02	2.042099e-05	1.947065e-06	1.947065e-06
1.745000e+02	1.747500e+02	1.596550e-05	1.721604e-06	1.721604e-06
1.747500e+02	1.750000e+02	1.188130e-05	1.485163e-06	1.485163e-06
# END HISTO1D


# BEGIN HISTO1D //nfs/dust/atlas/group/top/BS4Tops/r21/atlas-run3-multitops-bsm-joboptions/output/100022_13000GeV_353862/Rivet.yoda.gz/tttt_ttH/Inclusive_mTop4_zoomin
ErrorBars=1
LineColor=blue
LineStyle=solid
Path=//nfs/dust/atlas/group/top/BS4Tops/r21/atlas-run3-multitops-bsm-joboptions/output/100022_13000GeV_353862/Rivet.yoda.gz/tttt_ttH/Inclusive_mTop4_zoomin
ScaledBy=9.99999999999971859e-05
Title=SM tttt (LO)
# xlow	 xhigh	 val	 errminus	 errplus
1.650000e+02	1.652500e+02	1.636795e-05	6.682186e-06	6.682186e-06
1.652500e+02	1.655000e+02	3.546389e-05	9.835913e-06	9.835913e-06
1.655000e+02	1.657500e+02	1.363996e-05	6.099974e-06	6.099974e-06
1.657500e+02	1.660000e+02	2.182393e-05	7.715925e-06	7.715925e-06
1.660000e+02	1.662500e+02	4.364788e-05	1.091197e-05	1.091197e-05
1.662500e+02	1.665000e+02	4.091988e-05	1.056547e-05	1.056547e-05
1.665000e+02	1.667500e+02	3.273590e-05	9.450040e-06	9.450040e-06
1.667500e+02	1.670000e+02	2.182393e-05	7.715925e-06	7.715925e-06
1.670000e+02	1.672500e+02	4.910384e-05	1.157389e-05	1.157389e-05
1.672500e+02	1.675000e+02	4.910384e-05	1.157389e-05	1.157389e-05
1.675000e+02	1.677500e+02	4.637584e-05	1.124780e-05	1.124780e-05
1.677500e+02	1.680000e+02	5.455984e-05	1.219995e-05	1.219995e-05
1.680000e+02	1.682500e+02	6.001580e-05	1.279541e-05	1.279541e-05
1.682500e+02	1.685000e+02	7.365576e-05	1.417506e-05	1.417506e-05
1.685000e+02	1.687500e+02	8.729572e-05	1.543185e-05	1.543185e-05
1.687500e+02	1.690000e+02	1.063917e-04	1.703630e-05	1.703630e-05
1.690000e+02	1.692500e+02	1.391276e-04	1.948176e-05	1.948176e-05
1.692500e+02	1.695000e+02	1.445836e-04	1.986008e-05	1.986008e-05
1.695000e+02	1.697500e+02	1.473115e-04	2.004656e-05	2.004656e-05
1.697500e+02	1.700000e+02	1.691355e-04	2.148023e-05	2.148023e-05
1.700000e+02	1.702500e+02	2.346073e-04	2.529835e-05	2.529835e-05
1.702500e+02	1.705000e+02	2.618872e-04	2.672875e-05	2.672875e-05
1.705000e+02	1.707500e+02	4.173828e-04	3.374339e-05	3.374339e-05
1.707500e+02	1.710000e+02	4.610304e-04	3.546389e-05	3.546389e-05
1.710000e+02	1.712500e+02	6.792700e-04	4.304697e-05	4.304697e-05
1.712500e+02	1.715000e+02	8.865972e-04	4.917957e-05	4.917957e-05
1.715000e+02	1.717500e+02	1.276700e-03	5.901548e-05	5.901548e-05
1.717500e+02	1.720000e+02	1.835938e-03	7.077022e-05	7.077022e-05
1.720000e+02	1.722500e+02	2.477016e-03	8.220267e-05	8.220267e-05
1.722500e+02	1.725000e+02	3.118094e-03	9.222871e-05	9.222871e-05
1.725000e+02	1.727500e+02	2.689800e-03	8.566067e-05	8.566067e-05
1.727500e+02	1.730000e+02	2.381536e-03	8.060280e-05	8.060280e-05
1.730000e+02	1.732500e+02	1.923234e-03	7.243319e-05	7.243319e-05
1.732500e+02	1.735000e+02	1.363996e-03	6.099974e-05	6.099974e-05
1.735000e+02	1.737500e+02	8.156696e-04	4.717138e-05	4.717138e-05
1.737500e+02	1.740000e+02	6.710860e-04	4.278688e-05	4.278688e-05
1.740000e+02	1.742500e+02	4.937664e-04	3.670137e-05	3.670137e-05
1.742500e+02	1.745000e+02	4.310228e-04	3.429032e-05	3.429032e-05
1.745000e+02	1.747500e+02	3.409989e-04	3.049987e-05	3.049987e-05
1.747500e+02	1.750000e+02	2.482472e-04	2.602338e-05	2.602338e-05
# END HISTO1D

