# BEGIN PLOT
LegendOnly=//nfs/dust/atlas/group/top/BS4Tops/r21/atlas-run3-multitops-bsm-joboptions/output/100005_13000GeV_150066/Rivet.yoda.gz/tttt_ttH/Inclusive_pT_ttbar34 //nfs/dust/atlas/group/top/BS4Tops/r21/atlas-run3-multitops-bsm-joboptions/output/100022_13000GeV_353862/Rivet.yoda.gz/tttt_ttH/Inclusive_pT_ttbar34
DrawOnly=//nfs/dust/atlas/group/top/BS4Tops/r21/atlas-run3-multitops-bsm-joboptions/output/100005_13000GeV_150066/Rivet.yoda.gz/tttt_ttH/Inclusive_pT_ttbar34 //nfs/dust/atlas/group/top/BS4Tops/r21/atlas-run3-multitops-bsm-joboptions/output/100022_13000GeV_353862/Rivet.yoda.gz/tttt_ttH/Inclusive_pT_ttbar34
RatioPlotReference=//nfs/dust/atlas/group/top/BS4Tops/r21/atlas-run3-multitops-bsm-joboptions/output/100005_13000GeV_150066/Rivet.yoda.gz/tttt_ttH/Inclusive_pT_ttbar34
RatioPlot=1
LogY=1
RatioPlotYLabel=Ratio
Legend=1
# END PLOT

# BEGIN HISTO1D //nfs/dust/atlas/group/top/BS4Tops/r21/atlas-run3-multitops-bsm-joboptions/output/100005_13000GeV_150066/Rivet.yoda.gz/tttt_ttH/Inclusive_pT_ttbar34
ErrorBars=1
LineColor=red
LineStyle=solid
Path=//nfs/dust/atlas/group/top/BS4Tops/r21/atlas-run3-multitops-bsm-joboptions/output/100005_13000GeV_150066/Rivet.yoda.gz/tttt_ttH/Inclusive_pT_ttbar34
ScaledBy=1.00000000000010833e-04
Title=ttH(tt) 1.5 TeV
# xlow	 xhigh	 val	 errminus	 errplus
0.000000e+00	3.000000e+01	2.243215e-07	1.862889e-08	1.862889e-08
3.000000e+01	6.000000e+01	6.079887e-07	3.066897e-08	3.066897e-08
6.000000e+01	9.000000e+01	9.467913e-07	3.827178e-08	3.827178e-08
9.000000e+01	1.200000e+02	1.065914e-06	4.060809e-08	4.060809e-08
1.200000e+02	1.500000e+02	1.231448e-06	4.364750e-08	4.364750e-08
1.500000e+02	1.800000e+02	1.383058e-06	4.625639e-08	4.625639e-08
1.800000e+02	2.100000e+02	1.279406e-06	4.448931e-08	4.448931e-08
2.100000e+02	2.400000e+02	1.169566e-06	4.253670e-08	4.253670e-08
2.400000e+02	2.700000e+02	1.180395e-06	4.273318e-08	4.273318e-08
2.700000e+02	3.000000e+02	9.901087e-07	3.913748e-08	3.913748e-08
3.000000e+02	3.300000e+02	9.282270e-07	3.789471e-08	3.789471e-08
3.300000e+02	3.600000e+02	7.503167e-07	3.407012e-08	3.407012e-08
3.600000e+02	3.900000e+02	6.899820e-07	3.267159e-08	3.267159e-08
3.900000e+02	4.200000e+02	5.306363e-07	2.865167e-08	2.865167e-08
4.200000e+02	4.500000e+02	5.213540e-07	2.839997e-08	2.839997e-08
4.500000e+02	4.800000e+02	3.914023e-07	2.460726e-08	2.460726e-08
4.800000e+02	5.100000e+02	3.449910e-07	2.310231e-08	2.310231e-08
5.100000e+02	5.400000e+02	2.366979e-07	1.913589e-08	1.913589e-08
5.400000e+02	5.700000e+02	1.995688e-07	1.757105e-08	1.757105e-08
5.700000e+02	6.000000e+02	1.701749e-07	1.622554e-08	1.622554e-08
# END HISTO1D


# BEGIN HISTO1D //nfs/dust/atlas/group/top/BS4Tops/r21/atlas-run3-multitops-bsm-joboptions/output/100022_13000GeV_353862/Rivet.yoda.gz/tttt_ttH/Inclusive_pT_ttbar34
ErrorBars=1
LineColor=blue
LineStyle=solid
Path=//nfs/dust/atlas/group/top/BS4Tops/r21/atlas-run3-multitops-bsm-joboptions/output/100022_13000GeV_353862/Rivet.yoda.gz/tttt_ttH/Inclusive_pT_ttbar34
ScaledBy=9.99999999999971859e-05
Title=SM tttt (LO)
# xlow	 xhigh	 val	 errminus	 errplus
0.000000e+00	3.000000e+01	1.068463e-05	4.928454e-07	4.928454e-07
3.000000e+01	6.000000e+01	2.512025e-05	7.556886e-07	7.556886e-07
6.000000e+01	9.000000e+01	3.148557e-05	8.460317e-07	8.460317e-07
9.000000e+01	1.200000e+02	3.162197e-05	8.478623e-07	8.478623e-07
1.200000e+02	1.500000e+02	2.809831e-05	7.992286e-07	7.992286e-07
1.500000e+02	1.800000e+02	2.477926e-05	7.505420e-07	7.505420e-07
1.800000e+02	2.100000e+02	2.020987e-05	6.778172e-07	6.778172e-07
2.100000e+02	2.400000e+02	1.500395e-05	5.840281e-07	5.840281e-07
2.400000e+02	2.700000e+02	1.132116e-05	5.073135e-07	5.073135e-07
2.700000e+02	3.000000e+02	8.388573e-06	4.366917e-07	4.366917e-07
3.000000e+02	3.300000e+02	5.296850e-06	3.470082e-07	3.470082e-07
3.300000e+02	3.600000e+02	4.114720e-06	3.058448e-07	3.058448e-07
3.600000e+02	3.900000e+02	3.023524e-06	2.621728e-07	2.621728e-07
3.900000e+02	4.200000e+02	2.637058e-06	2.448447e-07	2.448447e-07
4.200000e+02	4.500000e+02	1.659528e-06	1.942331e-07	1.942331e-07
4.500000e+02	4.800000e+02	1.091197e-06	1.575007e-07	1.575007e-07
4.800000e+02	5.100000e+02	6.592647e-07	1.224224e-07	1.224224e-07
5.100000e+02	5.400000e+02	7.729310e-07	1.325566e-07	1.325566e-07
5.400000e+02	5.700000e+02	3.864653e-07	9.373164e-08	9.373164e-08
5.700000e+02	6.000000e+02	2.045994e-07	6.819979e-08	6.819979e-08
# END HISTO1D

