# BEGIN PLOT
LegendOnly=//nfs/dust/atlas/group/top/BS4Tops/r21/atlas-run3-multitops-bsm-joboptions/output/100005_13000GeV_150066/Rivet.yoda.gz/tttt_ttH/Inclusive_mTop2_zoomin //nfs/dust/atlas/group/top/BS4Tops/r21/atlas-run3-multitops-bsm-joboptions/output/100022_13000GeV_353862/Rivet.yoda.gz/tttt_ttH/Inclusive_mTop2_zoomin
DrawOnly=//nfs/dust/atlas/group/top/BS4Tops/r21/atlas-run3-multitops-bsm-joboptions/output/100005_13000GeV_150066/Rivet.yoda.gz/tttt_ttH/Inclusive_mTop2_zoomin //nfs/dust/atlas/group/top/BS4Tops/r21/atlas-run3-multitops-bsm-joboptions/output/100022_13000GeV_353862/Rivet.yoda.gz/tttt_ttH/Inclusive_mTop2_zoomin
RatioPlotReference=//nfs/dust/atlas/group/top/BS4Tops/r21/atlas-run3-multitops-bsm-joboptions/output/100005_13000GeV_150066/Rivet.yoda.gz/tttt_ttH/Inclusive_mTop2_zoomin
RatioPlot=1
LogY=1
RatioPlotYLabel=Ratio
Legend=1
# END PLOT

# BEGIN HISTO1D //nfs/dust/atlas/group/top/BS4Tops/r21/atlas-run3-multitops-bsm-joboptions/output/100005_13000GeV_150066/Rivet.yoda.gz/tttt_ttH/Inclusive_mTop2_zoomin
ErrorBars=1
LineColor=red
LineStyle=solid
Path=//nfs/dust/atlas/group/top/BS4Tops/r21/atlas-run3-multitops-bsm-joboptions/output/100005_13000GeV_150066/Rivet.yoda.gz/tttt_ttH/Inclusive_mTop2_zoomin
ScaledBy=1.00000000000010833e-04
Title=ttH(tt) 1.5 TeV
# xlow	 xhigh	 val	 errminus	 errplus
1.650000e+02	1.652500e+02	2.413390e-06	6.693540e-07	6.693540e-07
1.652500e+02	1.655000e+02	1.299518e-06	4.911715e-07	4.911715e-07
1.655000e+02	1.657500e+02	2.970326e-06	7.425816e-07	7.425816e-07
1.657500e+02	1.660000e+02	2.599035e-06	6.946214e-07	6.946214e-07
1.660000e+02	1.662500e+02	3.155972e-06	7.654355e-07	7.654355e-07
1.662500e+02	1.665000e+02	3.898553e-06	8.507340e-07	8.507340e-07
1.665000e+02	1.667500e+02	3.527262e-06	8.092095e-07	8.092095e-07
1.667500e+02	1.670000e+02	3.898553e-06	8.507340e-07	8.507340e-07
1.670000e+02	1.672500e+02	4.455488e-06	9.094729e-07	9.094729e-07
1.672500e+02	1.675000e+02	4.826780e-06	9.466094e-07	9.466094e-07
1.675000e+02	1.677500e+02	5.383716e-06	9.997310e-07	9.997310e-07
1.677500e+02	1.680000e+02	8.354044e-06	1.245347e-06	1.245347e-06
1.680000e+02	1.682500e+02	6.126296e-06	1.066452e-06	1.066452e-06
1.682500e+02	1.685000e+02	9.096624e-06	1.299517e-06	1.299517e-06
1.685000e+02	1.687500e+02	1.021050e-05	1.376783e-06	1.376783e-06
1.687500e+02	1.690000e+02	1.206695e-05	1.496721e-06	1.496721e-06
1.690000e+02	1.692500e+02	1.039614e-05	1.389243e-06	1.389243e-06
1.692500e+02	1.695000e+02	1.559421e-05	1.701468e-06	1.701468e-06
1.695000e+02	1.697500e+02	1.800760e-05	1.828395e-06	1.828395e-06
1.697500e+02	1.700000e+02	2.079228e-05	1.964686e-06	1.964686e-06
1.700000e+02	1.702500e+02	2.877504e-05	2.311266e-06	2.311266e-06
1.702500e+02	1.705000e+02	3.582956e-05	2.579068e-06	2.579068e-06
1.705000e+02	1.707500e+02	3.954247e-05	2.709405e-06	2.709405e-06
1.707500e+02	1.710000e+02	6.237684e-05	3.402936e-06	3.402936e-06
1.710000e+02	1.712500e+02	8.316912e-05	3.929372e-06	3.929372e-06
1.712500e+02	1.715000e+02	1.243824e-04	4.805312e-06	4.805312e-06
1.715000e+02	1.717500e+02	1.629966e-04	5.500870e-06	5.500870e-06
1.717500e+02	1.720000e+02	1.871306e-04	5.894058e-06	5.894058e-06
1.720000e+02	1.722500e+02	1.912148e-04	5.958031e-06	5.958031e-06
1.722500e+02	1.725000e+02	1.655957e-04	5.544554e-06	5.544554e-06
1.725000e+02	1.727500e+02	1.178848e-04	4.678116e-06	4.678116e-06
1.727500e+02	1.730000e+02	8.873848e-05	4.058804e-06	4.058804e-06
1.730000e+02	1.732500e+02	6.256248e-05	3.407996e-06	3.407996e-06
1.732500e+02	1.735000e+02	5.086684e-05	3.072978e-06	3.072978e-06
1.735000e+02	1.737500e+02	3.898553e-05	2.690257e-06	2.690257e-06
1.737500e+02	1.740000e+02	2.858939e-05	2.303799e-06	2.303799e-06
1.740000e+02	1.742500e+02	2.209180e-05	2.025152e-06	2.025152e-06
1.742500e+02	1.745000e+02	1.763631e-05	1.809447e-06	1.809447e-06
1.745000e+02	1.747500e+02	1.800760e-05	1.828395e-06	1.828395e-06
1.747500e+02	1.750000e+02	1.113872e-05	1.438003e-06	1.438003e-06
# END HISTO1D


# BEGIN HISTO1D //nfs/dust/atlas/group/top/BS4Tops/r21/atlas-run3-multitops-bsm-joboptions/output/100022_13000GeV_353862/Rivet.yoda.gz/tttt_ttH/Inclusive_mTop2_zoomin
ErrorBars=1
LineColor=blue
LineStyle=solid
Path=//nfs/dust/atlas/group/top/BS4Tops/r21/atlas-run3-multitops-bsm-joboptions/output/100022_13000GeV_353862/Rivet.yoda.gz/tttt_ttH/Inclusive_mTop2_zoomin
ScaledBy=9.99999999999971859e-05
Title=SM tttt (LO)
# xlow	 xhigh	 val	 errminus	 errplus
1.650000e+02	1.652500e+02	1.091196e-05	5.455982e-06	5.455982e-06
1.652500e+02	1.655000e+02	3.000790e-05	9.047724e-06	9.047724e-06
1.655000e+02	1.657500e+02	3.819188e-05	1.020721e-05	1.020721e-05
1.657500e+02	1.660000e+02	3.546389e-05	9.835913e-06	9.835913e-06
1.660000e+02	1.662500e+02	5.455984e-05	1.219995e-05	1.219995e-05
1.662500e+02	1.665000e+02	4.364788e-05	1.091197e-05	1.091197e-05
1.665000e+02	1.667500e+02	6.547180e-05	1.336438e-05	1.336438e-05
1.667500e+02	1.670000e+02	3.000790e-05	9.047724e-06	9.047724e-06
1.670000e+02	1.672500e+02	5.728784e-05	1.250123e-05	1.250123e-05
1.672500e+02	1.675000e+02	6.547180e-05	1.336438e-05	1.336438e-05
1.675000e+02	1.677500e+02	4.364788e-05	1.091197e-05	1.091197e-05
1.677500e+02	1.680000e+02	6.274380e-05	1.308298e-05	1.308298e-05
1.680000e+02	1.682500e+02	4.364788e-05	1.091197e-05	1.091197e-05
1.682500e+02	1.685000e+02	7.092776e-05	1.391008e-05	1.391008e-05
1.685000e+02	1.687500e+02	8.456772e-05	1.518881e-05	1.518881e-05
1.687500e+02	1.690000e+02	9.002372e-05	1.567112e-05	1.567112e-05
1.690000e+02	1.692500e+02	9.820768e-05	1.636795e-05	1.636795e-05
1.692500e+02	1.695000e+02	1.336716e-04	1.909594e-05	1.909594e-05
1.695000e+02	1.697500e+02	1.582235e-04	2.077576e-05	2.077576e-05
1.697500e+02	1.700000e+02	2.100554e-04	2.393803e-05	2.393803e-05
1.700000e+02	1.702500e+02	2.236953e-04	2.470301e-05	2.470301e-05
1.702500e+02	1.705000e+02	3.519109e-04	3.098403e-05	3.098403e-05
1.705000e+02	1.707500e+02	4.201108e-04	3.385348e-05	3.385348e-05
1.707500e+02	1.710000e+02	4.746704e-04	3.598468e-05	3.598468e-05
1.710000e+02	1.712500e+02	6.792700e-04	4.304697e-05	4.304697e-05
1.712500e+02	1.715000e+02	9.384292e-04	5.059671e-05	5.059671e-05
1.715000e+02	1.717500e+02	1.213956e-03	5.754705e-05	5.754705e-05
1.717500e+02	1.720000e+02	1.767738e-03	6.944333e-05	6.944333e-05
1.720000e+02	1.722500e+02	2.294241e-03	7.911175e-05	7.911175e-05
1.722500e+02	1.725000e+02	3.003518e-03	9.051836e-05	9.051836e-05
1.725000e+02	1.727500e+02	2.978967e-03	9.014763e-05	9.014763e-05
1.727500e+02	1.730000e+02	2.433368e-03	8.147520e-05	8.147520e-05
1.730000e+02	1.732500e+02	1.751370e-03	6.912108e-05	6.912108e-05
1.732500e+02	1.735000e+02	1.252148e-03	5.844527e-05	5.844527e-05
1.735000e+02	1.737500e+02	8.565892e-04	4.834013e-05	4.834013e-05
1.737500e+02	1.740000e+02	6.956380e-04	4.356253e-05	4.356253e-05
1.740000e+02	1.742500e+02	5.210464e-04	3.770159e-05	3.770159e-05
1.742500e+02	1.745000e+02	4.392068e-04	3.461433e-05	3.461433e-05
1.745000e+02	1.747500e+02	3.437269e-04	3.062163e-05	3.062163e-05
1.747500e+02	1.750000e+02	2.155113e-04	2.424692e-05	2.424692e-05
# END HISTO1D

