# BEGIN PLOT
LegendOnly=//nfs/dust/atlas/group/top/BS4Tops/r21/atlas-run3-multitops-bsm-joboptions/output/100018_13000GeV_257144/Rivet.yoda.gz/tttt_ttH_1LOS/BaselineSR_jet0Pt_2 //nfs/dust/atlas/group/top/BS4Tops/r21/atlas-run3-multitops-bsm-joboptions/output/100022_13000GeV_353862/Rivet.yoda.gz/tttt_ttH_1LOS/BaselineSR_jet0Pt_2
DrawOnly=//nfs/dust/atlas/group/top/BS4Tops/r21/atlas-run3-multitops-bsm-joboptions/output/100018_13000GeV_257144/Rivet.yoda.gz/tttt_ttH_1LOS/BaselineSR_jet0Pt_2 //nfs/dust/atlas/group/top/BS4Tops/r21/atlas-run3-multitops-bsm-joboptions/output/100022_13000GeV_353862/Rivet.yoda.gz/tttt_ttH_1LOS/BaselineSR_jet0Pt_2
RatioPlotReference=//nfs/dust/atlas/group/top/BS4Tops/r21/atlas-run3-multitops-bsm-joboptions/output/100018_13000GeV_257144/Rivet.yoda.gz/tttt_ttH_1LOS/BaselineSR_jet0Pt_2
RatioPlot=1
LogY=1
RatioPlotYLabel=Ratio
Legend=1
# END PLOT

# BEGIN HISTO1D //nfs/dust/atlas/group/top/BS4Tops/r21/atlas-run3-multitops-bsm-joboptions/output/100018_13000GeV_257144/Rivet.yoda.gz/tttt_ttH_1LOS/BaselineSR_jet0Pt_2
ErrorBars=1
LineColor=red
LineStyle=solid
Path=//nfs/dust/atlas/group/top/BS4Tops/r21/atlas-run3-multitops-bsm-joboptions/output/100018_13000GeV_257144/Rivet.yoda.gz/tttt_ttH_1LOS/BaselineSR_jet0Pt_2
ScaledBy=9.99999999999853681e-05
Title=ttH(tt) 2.8 TeV
# xlow	 xhigh	 val	 errminus	 errplus
0.000000e+00	5.000000e+01	0.000000e+00	0.000000e+00	0.000000e+00
5.000000e+01	1.000000e+02	1.277137e-09	1.788349e-10	1.788349e-10
1.000000e+02	1.500000e+02	5.333924e-09	3.654745e-10	3.654745e-10
1.500000e+02	2.000000e+02	9.866508e-09	4.970675e-10	4.970675e-10
2.000000e+02	2.500000e+02	1.009188e-08	5.027126e-10	5.027126e-10
2.500000e+02	3.000000e+02	7.362318e-09	4.293791e-10	4.293791e-10
3.000000e+02	3.500000e+02	6.410726e-09	4.006704e-10	4.006704e-10
3.500000e+02	4.000000e+02	5.559302e-09	3.731159e-10	3.731159e-10
4.000000e+02	4.500000e+02	4.958296e-09	3.523707e-10	3.523707e-10
4.500000e+02	5.000000e+02	4.557626e-09	3.378337e-10	3.378337e-10
5.000000e+02	5.500000e+02	4.156956e-09	3.226423e-10	3.226423e-10
5.500000e+02	6.000000e+02	4.131914e-09	3.216690e-10	3.216690e-10
6.000000e+02	6.500000e+02	4.106872e-09	3.206928e-10	3.206928e-10
6.500000e+02	7.000000e+02	4.457458e-09	3.341006e-10	3.341006e-10
7.000000e+02	7.500000e+02	3.555950e-09	2.984086e-10	2.984086e-10
7.500000e+02	8.000000e+02	3.756284e-09	3.066993e-10	3.066993e-10
8.000000e+02	8.500000e+02	3.606034e-09	3.005028e-10	3.005028e-10
8.500000e+02	9.000000e+02	3.480824e-09	2.952396e-10	2.952396e-10
9.000000e+02	9.500000e+02	2.904860e-09	2.697095e-10	2.697095e-10
9.500000e+02	1.000000e+03	3.580992e-09	2.994576e-10	2.994576e-10
1.000000e+03	1.050000e+03	3.305530e-09	2.877095e-10	2.877095e-10
1.050000e+03	1.100000e+03	3.856452e-09	3.107618e-10	3.107618e-10
1.100000e+03	1.150000e+03	3.330572e-09	2.887972e-10	2.887972e-10
1.150000e+03	1.200000e+03	3.355614e-09	2.898809e-10	2.898809e-10
1.200000e+03	1.250000e+03	3.831410e-09	3.097512e-10	3.097512e-10
1.250000e+03	1.300000e+03	3.055112e-09	2.765968e-10	2.765968e-10
1.300000e+03	1.350000e+03	2.404022e-09	2.453595e-10	2.453595e-10
1.350000e+03	1.400000e+03	2.078478e-09	2.281426e-10	2.281426e-10
1.400000e+03	1.450000e+03	1.677807e-09	2.049768e-10	2.049768e-10
1.450000e+03	1.500000e+03	1.327221e-09	1.823078e-10	1.823078e-10
1.500000e+03	1.550000e+03	1.076802e-09	1.642107e-10	1.642107e-10
1.550000e+03	1.600000e+03	6.510894e-10	1.276891e-10	1.276891e-10
1.600000e+03	1.650000e+03	5.759636e-10	1.200967e-10	1.200967e-10
1.650000e+03	1.700000e+03	3.505866e-10	9.369820e-11	9.369820e-11
1.700000e+03	1.750000e+03	2.504190e-10	7.918944e-11	7.918944e-11
1.750000e+03	1.800000e+03	1.502514e-10	6.133987e-11	6.133987e-11
1.800000e+03	1.850000e+03	7.512570e-11	4.337384e-11	4.337384e-11
1.850000e+03	1.900000e+03	2.504190e-11	2.504190e-11	2.504190e-11
1.900000e+03	1.950000e+03	7.512570e-11	4.337384e-11	4.337384e-11
1.950000e+03	2.000000e+03	5.008380e-11	3.541459e-11	3.541459e-11
# END HISTO1D


# BEGIN HISTO1D //nfs/dust/atlas/group/top/BS4Tops/r21/atlas-run3-multitops-bsm-joboptions/output/100022_13000GeV_353862/Rivet.yoda.gz/tttt_ttH_1LOS/BaselineSR_jet0Pt_2
ErrorBars=1
LineColor=blue
LineStyle=solid
Path=//nfs/dust/atlas/group/top/BS4Tops/r21/atlas-run3-multitops-bsm-joboptions/output/100022_13000GeV_353862/Rivet.yoda.gz/tttt_ttH_1LOS/BaselineSR_jet0Pt_2
ScaledBy=9.99999999999971859e-05
Title=SM tttt (LO)
# xlow	 xhigh	 val	 errminus	 errplus
0.000000e+00	5.000000e+01	2.727992e-08	1.928981e-08	1.928981e-08
5.000000e+01	1.000000e+02	1.936874e-06	1.625388e-07	1.625388e-07
1.000000e+02	1.500000e+02	9.902608e-06	3.675203e-07	3.675203e-07
1.500000e+02	2.000000e+02	1.115748e-05	3.901123e-07	3.901123e-07
2.000000e+02	2.500000e+02	7.392856e-06	3.175504e-07	3.175504e-07
2.500000e+02	3.000000e+02	5.483262e-06	2.734803e-07	2.734803e-07
3.000000e+02	3.500000e+02	3.028070e-06	2.032308e-07	2.032308e-07
3.500000e+02	4.000000e+02	2.005074e-06	1.653757e-07	1.653757e-07
4.000000e+02	4.500000e+02	1.445835e-06	1.404319e-07	1.404319e-07
4.500000e+02	5.000000e+02	1.104837e-06	1.227596e-07	1.227596e-07
5.000000e+02	5.500000e+02	8.593174e-07	1.082638e-07	1.082638e-07
5.500000e+02	6.000000e+02	5.865182e-07	8.944319e-08	8.944319e-08
6.000000e+02	6.500000e+02	3.955588e-07	7.345341e-08	7.345341e-08
6.500000e+02	7.000000e+02	3.137190e-07	6.541492e-08	6.541492e-08
7.000000e+02	7.500000e+02	3.273590e-07	6.682188e-08	6.682188e-08
7.500000e+02	8.000000e+02	2.455192e-07	5.786944e-08	5.786944e-08
8.000000e+02	8.500000e+02	9.547970e-08	3.608794e-08	3.608794e-08
8.500000e+02	9.000000e+02	0.000000e+00	0.000000e+00	0.000000e+00
9.000000e+02	9.500000e+02	6.819978e-08	3.049987e-08	3.049987e-08
9.500000e+02	1.000000e+03	2.727992e-08	1.928981e-08	1.928981e-08
1.000000e+03	1.050000e+03	5.455982e-08	2.727991e-08	2.727991e-08
1.050000e+03	1.100000e+03	1.363996e-08	1.363996e-08	1.363996e-08
1.100000e+03	1.150000e+03	1.363996e-08	1.363996e-08	1.363996e-08
1.150000e+03	1.200000e+03	0.000000e+00	0.000000e+00	0.000000e+00
1.200000e+03	1.250000e+03	0.000000e+00	0.000000e+00	0.000000e+00
1.250000e+03	1.300000e+03	2.727992e-08	1.928981e-08	1.928981e-08
1.300000e+03	1.350000e+03	0.000000e+00	0.000000e+00	0.000000e+00
1.350000e+03	1.400000e+03	0.000000e+00	0.000000e+00	0.000000e+00
1.400000e+03	1.450000e+03	1.363996e-08	1.363996e-08	1.363996e-08
1.450000e+03	1.500000e+03	0.000000e+00	0.000000e+00	0.000000e+00
1.500000e+03	1.550000e+03	0.000000e+00	0.000000e+00	0.000000e+00
1.550000e+03	1.600000e+03	0.000000e+00	0.000000e+00	0.000000e+00
1.600000e+03	1.650000e+03	0.000000e+00	0.000000e+00	0.000000e+00
1.650000e+03	1.700000e+03	0.000000e+00	0.000000e+00	0.000000e+00
1.700000e+03	1.750000e+03	0.000000e+00	0.000000e+00	0.000000e+00
1.750000e+03	1.800000e+03	0.000000e+00	0.000000e+00	0.000000e+00
1.800000e+03	1.850000e+03	0.000000e+00	0.000000e+00	0.000000e+00
1.850000e+03	1.900000e+03	0.000000e+00	0.000000e+00	0.000000e+00
1.900000e+03	1.950000e+03	0.000000e+00	0.000000e+00	0.000000e+00
1.950000e+03	2.000000e+03	0.000000e+00	0.000000e+00	0.000000e+00
# END HISTO1D

