# BEGIN PLOT
LegendOnly=//nfs/dust/atlas/group/top/BS4Tops/r21/atlas-run3-multitops-bsm-joboptions/output/100001_13000GeV_447376/Rivet.yoda.gz/tttt_ttH_1LOS/Inclusive_e0Pt_15GeV_2 //nfs/dust/atlas/group/top/BS4Tops/r21/atlas-run3-multitops-bsm-joboptions/output/100022_13000GeV_353862/Rivet.yoda.gz/tttt_ttH_1LOS/Inclusive_e0Pt_15GeV_2
DrawOnly=//nfs/dust/atlas/group/top/BS4Tops/r21/atlas-run3-multitops-bsm-joboptions/output/100001_13000GeV_447376/Rivet.yoda.gz/tttt_ttH_1LOS/Inclusive_e0Pt_15GeV_2 //nfs/dust/atlas/group/top/BS4Tops/r21/atlas-run3-multitops-bsm-joboptions/output/100022_13000GeV_353862/Rivet.yoda.gz/tttt_ttH_1LOS/Inclusive_e0Pt_15GeV_2
RatioPlotReference=//nfs/dust/atlas/group/top/BS4Tops/r21/atlas-run3-multitops-bsm-joboptions/output/100001_13000GeV_447376/Rivet.yoda.gz/tttt_ttH_1LOS/Inclusive_e0Pt_15GeV_2
RatioPlot=1
LogY=1
RatioPlotYLabel=Ratio
Legend=1
# END PLOT

# BEGIN HISTO1D //nfs/dust/atlas/group/top/BS4Tops/r21/atlas-run3-multitops-bsm-joboptions/output/100001_13000GeV_447376/Rivet.yoda.gz/tttt_ttH_1LOS/Inclusive_e0Pt_15GeV_2
ErrorBars=1
LineColor=red
LineStyle=solid
Path=//nfs/dust/atlas/group/top/BS4Tops/r21/atlas-run3-multitops-bsm-joboptions/output/100001_13000GeV_447376/Rivet.yoda.gz/tttt_ttH_1LOS/Inclusive_e0Pt_15GeV_2
ScaledBy=9.99999999999935673e-05
Title=ttH(tt) 1.1 TeV
# xlow	 xhigh	 val	 errminus	 errplus
0.000000e+00	3.000000e+01	6.112943e-06	2.308827e-07	2.308827e-07
3.000000e+01	6.000000e+01	1.010685e-05	2.968754e-07	2.968754e-07
6.000000e+01	9.000000e+01	7.255307e-06	2.515325e-07	2.515325e-07
9.000000e+01	1.200000e+02	5.022903e-06	2.092877e-07	2.092877e-07
1.200000e+02	1.500000e+02	3.296281e-06	1.695424e-07	1.695424e-07
1.500000e+02	1.800000e+02	2.581215e-06	1.500301e-07	1.500301e-07
1.800000e+02	2.100000e+02	1.613259e-06	1.186092e-07	1.186092e-07
2.100000e+02	2.400000e+02	1.316768e-06	1.071571e-07	1.071571e-07
2.400000e+02	2.700000e+02	1.098760e-06	9.788536e-08	9.788536e-08
2.700000e+02	3.000000e+02	6.278630e-07	7.399438e-08	7.399438e-08
3.000000e+02	3.300000e+02	5.406600e-07	6.866388e-08	6.866388e-08
3.300000e+02	3.600000e+02	3.400927e-07	5.445838e-08	5.445838e-08
3.600000e+02	3.900000e+02	2.790503e-07	4.932958e-08	4.932958e-08
3.900000e+02	4.200000e+02	1.395251e-07	3.488127e-08	3.488127e-08
4.200000e+02	4.500000e+02	1.395251e-07	3.488127e-08	3.488127e-08
4.500000e+02	4.800000e+02	7.848290e-08	2.616096e-08	2.616096e-08
4.800000e+02	5.100000e+02	6.976257e-08	2.466479e-08	2.466479e-08
5.100000e+02	5.400000e+02	8.720320e-09	8.720320e-09	8.720320e-09
5.400000e+02	5.700000e+02	6.104223e-08	2.307180e-08	2.307180e-08
5.700000e+02	6.000000e+02	4.360160e-08	1.949923e-08	1.949923e-08
6.000000e+02	6.300000e+02	1.744064e-08	1.233240e-08	1.233240e-08
6.300000e+02	6.600000e+02	0.000000e+00	0.000000e+00	0.000000e+00
6.600000e+02	6.900000e+02	0.000000e+00	0.000000e+00	0.000000e+00
6.900000e+02	7.200000e+02	0.000000e+00	0.000000e+00	0.000000e+00
7.200000e+02	7.500000e+02	0.000000e+00	0.000000e+00	0.000000e+00
7.500000e+02	7.800000e+02	0.000000e+00	0.000000e+00	0.000000e+00
7.800000e+02	8.100000e+02	0.000000e+00	0.000000e+00	0.000000e+00
8.100000e+02	8.400000e+02	1.744064e-08	1.233240e-08	1.233240e-08
8.400000e+02	8.700000e+02	0.000000e+00	0.000000e+00	0.000000e+00
8.700000e+02	9.000000e+02	8.720320e-09	8.720320e-09	8.720320e-09
9.000000e+02	9.300000e+02	0.000000e+00	0.000000e+00	0.000000e+00
9.300000e+02	9.600000e+02	0.000000e+00	0.000000e+00	0.000000e+00
9.600000e+02	9.900000e+02	0.000000e+00	0.000000e+00	0.000000e+00
9.900000e+02	1.020000e+03	0.000000e+00	0.000000e+00	0.000000e+00
1.020000e+03	1.050000e+03	0.000000e+00	0.000000e+00	0.000000e+00
1.050000e+03	1.080000e+03	0.000000e+00	0.000000e+00	0.000000e+00
1.080000e+03	1.110000e+03	0.000000e+00	0.000000e+00	0.000000e+00
1.110000e+03	1.140000e+03	0.000000e+00	0.000000e+00	0.000000e+00
1.140000e+03	1.170000e+03	0.000000e+00	0.000000e+00	0.000000e+00
1.170000e+03	1.200000e+03	0.000000e+00	0.000000e+00	0.000000e+00
# END HISTO1D


# BEGIN HISTO1D //nfs/dust/atlas/group/top/BS4Tops/r21/atlas-run3-multitops-bsm-joboptions/output/100022_13000GeV_353862/Rivet.yoda.gz/tttt_ttH_1LOS/Inclusive_e0Pt_15GeV_2
ErrorBars=1
LineColor=blue
LineStyle=solid
Path=//nfs/dust/atlas/group/top/BS4Tops/r21/atlas-run3-multitops-bsm-joboptions/output/100022_13000GeV_353862/Rivet.yoda.gz/tttt_ttH_1LOS/Inclusive_e0Pt_15GeV_2
ScaledBy=9.99999999999971859e-05
Title=SM tttt (LO)
# xlow	 xhigh	 val	 errminus	 errplus
0.000000e+00	3.000000e+01	1.623155e-05	6.074505e-07	6.074505e-07
3.000000e+01	6.000000e+01	2.712078e-05	7.852030e-07	7.852030e-07
6.000000e+01	9.000000e+01	1.564048e-05	5.962879e-07	5.962879e-07
9.000000e+01	1.200000e+02	8.661373e-06	4.437355e-07	4.437355e-07
1.200000e+02	1.500000e+02	5.024050e-06	3.379543e-07	3.379543e-07
1.500000e+02	1.800000e+02	2.955324e-06	2.591991e-07	2.591991e-07
1.800000e+02	2.100000e+02	2.273326e-06	2.273326e-07	2.273326e-07
2.100000e+02	2.400000e+02	1.159396e-06	1.623480e-07	1.623480e-07
2.400000e+02	2.700000e+02	6.819980e-07	1.245152e-07	1.245152e-07
2.700000e+02	3.000000e+02	3.637323e-07	9.093305e-08	9.093305e-08
3.000000e+02	3.300000e+02	2.727991e-07	7.875033e-08	7.875033e-08
3.300000e+02	3.600000e+02	1.818661e-07	6.429938e-08	6.429938e-08
3.600000e+02	3.900000e+02	1.363996e-07	5.568489e-08	5.568489e-08
3.900000e+02	4.200000e+02	4.546653e-08	3.214969e-08	3.214969e-08
4.200000e+02	4.500000e+02	6.819980e-08	3.937516e-08	3.937516e-08
4.500000e+02	4.800000e+02	4.546653e-08	3.214969e-08	3.214969e-08
4.800000e+02	5.100000e+02	4.546653e-08	3.214969e-08	3.214969e-08
5.100000e+02	5.400000e+02	0.000000e+00	0.000000e+00	0.000000e+00
5.400000e+02	5.700000e+02	0.000000e+00	0.000000e+00	0.000000e+00
5.700000e+02	6.000000e+02	0.000000e+00	0.000000e+00	0.000000e+00
6.000000e+02	6.300000e+02	4.546653e-08	3.214969e-08	3.214969e-08
6.300000e+02	6.600000e+02	0.000000e+00	0.000000e+00	0.000000e+00
6.600000e+02	6.900000e+02	0.000000e+00	0.000000e+00	0.000000e+00
6.900000e+02	7.200000e+02	0.000000e+00	0.000000e+00	0.000000e+00
7.200000e+02	7.500000e+02	0.000000e+00	0.000000e+00	0.000000e+00
7.500000e+02	7.800000e+02	0.000000e+00	0.000000e+00	0.000000e+00
7.800000e+02	8.100000e+02	0.000000e+00	0.000000e+00	0.000000e+00
8.100000e+02	8.400000e+02	0.000000e+00	0.000000e+00	0.000000e+00
8.400000e+02	8.700000e+02	0.000000e+00	0.000000e+00	0.000000e+00
8.700000e+02	9.000000e+02	0.000000e+00	0.000000e+00	0.000000e+00
9.000000e+02	9.300000e+02	0.000000e+00	0.000000e+00	0.000000e+00
9.300000e+02	9.600000e+02	0.000000e+00	0.000000e+00	0.000000e+00
9.600000e+02	9.900000e+02	0.000000e+00	0.000000e+00	0.000000e+00
9.900000e+02	1.020000e+03	0.000000e+00	0.000000e+00	0.000000e+00
1.020000e+03	1.050000e+03	0.000000e+00	0.000000e+00	0.000000e+00
1.050000e+03	1.080000e+03	0.000000e+00	0.000000e+00	0.000000e+00
1.080000e+03	1.110000e+03	0.000000e+00	0.000000e+00	0.000000e+00
1.110000e+03	1.140000e+03	0.000000e+00	0.000000e+00	0.000000e+00
1.140000e+03	1.170000e+03	0.000000e+00	0.000000e+00	0.000000e+00
1.170000e+03	1.200000e+03	0.000000e+00	0.000000e+00	0.000000e+00
# END HISTO1D

