# BEGIN PLOT
LegendOnly=//nfs/dust/atlas/group/top/BS4Tops/r21/atlas-run3-multitops-bsm-joboptions/output/100008_13000GeV_280419/Rivet.yoda.gz/tttt_ttH/Inclusive_mTop1 //nfs/dust/atlas/group/top/BS4Tops/r21/atlas-run3-multitops-bsm-joboptions/output/100022_13000GeV_353862/Rivet.yoda.gz/tttt_ttH/Inclusive_mTop1
DrawOnly=//nfs/dust/atlas/group/top/BS4Tops/r21/atlas-run3-multitops-bsm-joboptions/output/100008_13000GeV_280419/Rivet.yoda.gz/tttt_ttH/Inclusive_mTop1 //nfs/dust/atlas/group/top/BS4Tops/r21/atlas-run3-multitops-bsm-joboptions/output/100022_13000GeV_353862/Rivet.yoda.gz/tttt_ttH/Inclusive_mTop1
RatioPlotReference=//nfs/dust/atlas/group/top/BS4Tops/r21/atlas-run3-multitops-bsm-joboptions/output/100008_13000GeV_280419/Rivet.yoda.gz/tttt_ttH/Inclusive_mTop1
RatioPlot=1
LogY=1
RatioPlotYLabel=Ratio
Legend=1
# END PLOT

# BEGIN HISTO1D //nfs/dust/atlas/group/top/BS4Tops/r21/atlas-run3-multitops-bsm-joboptions/output/100008_13000GeV_280419/Rivet.yoda.gz/tttt_ttH/Inclusive_mTop1
ErrorBars=1
LineColor=red
LineStyle=solid
Path=//nfs/dust/atlas/group/top/BS4Tops/r21/atlas-run3-multitops-bsm-joboptions/output/100008_13000GeV_280419/Rivet.yoda.gz/tttt_ttH/Inclusive_mTop1
ScaledBy=1.00000000000008841e-04
Title=ttH(tt) 1.8 TeV
# xlow	 xhigh	 val	 errminus	 errplus
1.500000e+02	1.520000e+02	3.496101e-08	1.748050e-08	1.748050e-08
1.520000e+02	1.540000e+02	1.136233e-07	3.151343e-08	3.151343e-08
1.540000e+02	1.560000e+02	4.370127e-08	1.954380e-08	1.954380e-08
1.560000e+02	1.580000e+02	1.573245e-07	3.708175e-08	3.708175e-08
1.580000e+02	1.600000e+02	2.447271e-07	4.624907e-08	4.624907e-08
1.600000e+02	1.620000e+02	2.534673e-07	4.706771e-08	4.706771e-08
1.620000e+02	1.640000e+02	5.768565e-07	7.100616e-08	7.100616e-08
1.640000e+02	1.660000e+02	7.691425e-07	8.199084e-08	8.199084e-08
1.660000e+02	1.680000e+02	1.686869e-06	1.214235e-07	1.214235e-07
1.680000e+02	1.700000e+02	4.527452e-06	1.989248e-07	1.989248e-07
1.700000e+02	1.720000e+02	3.427928e-05	5.473660e-07	5.473660e-07
1.720000e+02	1.740000e+02	3.494353e-05	5.526439e-07	5.526439e-07
1.740000e+02	1.760000e+02	4.579893e-06	2.000735e-07	2.000735e-07
1.760000e+02	1.780000e+02	1.905376e-06	1.290483e-07	1.290483e-07
1.780000e+02	1.800000e+02	1.092532e-06	9.771901e-08	9.771901e-08
1.800000e+02	1.820000e+02	6.380385e-07	7.467675e-08	7.467675e-08
1.820000e+02	1.840000e+02	4.719737e-07	6.422749e-08	6.422749e-08
1.840000e+02	1.860000e+02	3.233894e-07	5.316489e-08	5.316489e-08
1.860000e+02	1.880000e+02	2.097661e-07	4.281832e-08	4.281832e-08
1.880000e+02	1.900000e+02	1.311038e-07	3.385086e-08	3.385086e-08
1.900000e+02	1.920000e+02	1.922856e-07	4.099542e-08	4.099542e-08
1.920000e+02	1.940000e+02	1.485843e-07	3.603699e-08	3.603699e-08
1.940000e+02	1.960000e+02	5.244150e-08	2.140916e-08	2.140916e-08
1.960000e+02	1.980000e+02	0.000000e+00	0.000000e+00	0.000000e+00
1.980000e+02	2.000000e+02	0.000000e+00	0.000000e+00	0.000000e+00
# END HISTO1D


# BEGIN HISTO1D //nfs/dust/atlas/group/top/BS4Tops/r21/atlas-run3-multitops-bsm-joboptions/output/100022_13000GeV_353862/Rivet.yoda.gz/tttt_ttH/Inclusive_mTop1
ErrorBars=1
LineColor=blue
LineStyle=solid
Path=//nfs/dust/atlas/group/top/BS4Tops/r21/atlas-run3-multitops-bsm-joboptions/output/100022_13000GeV_353862/Rivet.yoda.gz/tttt_ttH/Inclusive_mTop1
ScaledBy=9.99999999999971859e-05
Title=SM tttt (LO)
# xlow	 xhigh	 val	 errminus	 errplus
1.500000e+02	1.520000e+02	2.386993e-06	9.021984e-07	9.021984e-07
1.520000e+02	1.540000e+02	4.773985e-06	1.275901e-06	1.275901e-06
1.540000e+02	1.560000e+02	3.409989e-06	1.078333e-06	1.078333e-06
1.560000e+02	1.580000e+02	7.842975e-06	1.635373e-06	1.635373e-06
1.580000e+02	1.600000e+02	5.796980e-06	1.405975e-06	1.405975e-06
1.600000e+02	1.620000e+02	6.478980e-06	1.486380e-06	1.486380e-06
1.620000e+02	1.640000e+02	1.295796e-05	2.102059e-06	2.102059e-06
1.640000e+02	1.660000e+02	2.045993e-05	2.641366e-06	2.641366e-06
1.660000e+02	1.680000e+02	5.762880e-05	4.432986e-06	4.432986e-06
1.680000e+02	1.700000e+02	1.265106e-04	6.568103e-06	6.568103e-06
1.700000e+02	1.720000e+02	7.484925e-04	1.597608e-05	1.597608e-05
1.720000e+02	1.740000e+02	1.913345e-03	2.554307e-05	2.554307e-05
1.740000e+02	1.760000e+02	2.751862e-04	9.687011e-06	9.687011e-06
1.760000e+02	1.780000e+02	8.524975e-05	5.391667e-06	5.391667e-06
1.780000e+02	1.800000e+02	3.955587e-05	3.672671e-06	3.672671e-06
1.800000e+02	1.820000e+02	2.727992e-05	3.049987e-06	3.049987e-06
1.820000e+02	1.840000e+02	1.773194e-05	2.458978e-06	2.458978e-06
1.840000e+02	1.860000e+02	1.602695e-05	2.337771e-06	2.337771e-06
1.860000e+02	1.880000e+02	1.091197e-05	1.928981e-06	1.928981e-06
1.880000e+02	1.900000e+02	1.159397e-05	1.988349e-06	1.988349e-06
1.900000e+02	1.920000e+02	8.183975e-06	1.670547e-06	1.670547e-06
1.920000e+02	1.940000e+02	6.478980e-06	1.486380e-06	1.486380e-06
1.940000e+02	1.960000e+02	1.704994e-06	7.624967e-07	7.624967e-07
1.960000e+02	1.980000e+02	0.000000e+00	0.000000e+00	0.000000e+00
1.980000e+02	2.000000e+02	0.000000e+00	0.000000e+00	0.000000e+00
# END HISTO1D

