# BEGIN PLOT
LegendOnly=//nfs/dust/atlas/group/top/BS4Tops/r21/atlas-run3-multitops-bsm-joboptions/output/100000_13000GeV_472346/Rivet.yoda.gz/tttt_ttH/Inclusive_mTop1_zoomin //nfs/dust/atlas/group/top/BS4Tops/r21/atlas-run3-multitops-bsm-joboptions/output/100022_13000GeV_353862/Rivet.yoda.gz/tttt_ttH/Inclusive_mTop1_zoomin
DrawOnly=//nfs/dust/atlas/group/top/BS4Tops/r21/atlas-run3-multitops-bsm-joboptions/output/100000_13000GeV_472346/Rivet.yoda.gz/tttt_ttH/Inclusive_mTop1_zoomin //nfs/dust/atlas/group/top/BS4Tops/r21/atlas-run3-multitops-bsm-joboptions/output/100022_13000GeV_353862/Rivet.yoda.gz/tttt_ttH/Inclusive_mTop1_zoomin
RatioPlotReference=//nfs/dust/atlas/group/top/BS4Tops/r21/atlas-run3-multitops-bsm-joboptions/output/100000_13000GeV_472346/Rivet.yoda.gz/tttt_ttH/Inclusive_mTop1_zoomin
RatioPlot=1
LogY=1
RatioPlotYLabel=Ratio
Legend=1
# END PLOT

# BEGIN HISTO1D //nfs/dust/atlas/group/top/BS4Tops/r21/atlas-run3-multitops-bsm-joboptions/output/100000_13000GeV_472346/Rivet.yoda.gz/tttt_ttH/Inclusive_mTop1_zoomin
ErrorBars=1
LineColor=red
LineStyle=solid
Path=//nfs/dust/atlas/group/top/BS4Tops/r21/atlas-run3-multitops-bsm-joboptions/output/100000_13000GeV_472346/Rivet.yoda.gz/tttt_ttH/Inclusive_mTop1_zoomin
ScaledBy=1.00000000000008800e-04
Title=ttH(tt) 1 TeV
# xlow	 xhigh	 val	 errminus	 errplus
1.650000e+02	1.652500e+02	3.666165e-05	8.197794e-06	8.197794e-06
1.652500e+02	1.655000e+02	2.383007e-05	6.609272e-06	6.609272e-06
1.655000e+02	1.657500e+02	1.466466e-05	5.184741e-06	5.184741e-06
1.657500e+02	1.660000e+02	3.299548e-05	7.777110e-06	7.777110e-06
1.660000e+02	1.662500e+02	2.199699e-05	6.349985e-06	6.349985e-06
1.662500e+02	1.665000e+02	2.016391e-05	6.079647e-06	6.079647e-06
1.665000e+02	1.667500e+02	6.415788e-05	1.084466e-05	1.084466e-05
1.667500e+02	1.670000e+02	1.833082e-05	5.796716e-06	5.796716e-06
1.670000e+02	1.672500e+02	4.766016e-05	9.346923e-06	9.346923e-06
1.672500e+02	1.675000e+02	5.865864e-05	1.036948e-05	1.036948e-05
1.675000e+02	1.677500e+02	6.049172e-05	1.053026e-05	1.053026e-05
1.677500e+02	1.680000e+02	6.415788e-05	1.084466e-05	1.084466e-05
1.680000e+02	1.682500e+02	7.149020e-05	1.144760e-05	1.144760e-05
1.682500e+02	1.685000e+02	8.065564e-05	1.215929e-05	1.215929e-05
1.685000e+02	1.687500e+02	8.065564e-05	1.215929e-05	1.215929e-05
1.687500e+02	1.690000e+02	8.248872e-05	1.229669e-05	1.229669e-05
1.690000e+02	1.692500e+02	1.319819e-04	1.555422e-05	1.555422e-05
1.692500e+02	1.695000e+02	9.715336e-05	1.334504e-05	1.334504e-05
1.695000e+02	1.697500e+02	1.338150e-04	1.566186e-05	1.566186e-05
1.697500e+02	1.700000e+02	2.419669e-04	2.106051e-05	2.106051e-05
1.700000e+02	1.702500e+02	2.749624e-04	2.245058e-05	2.245058e-05
1.702500e+02	1.705000e+02	3.519518e-04	2.539994e-05	2.539994e-05
1.705000e+02	1.707500e+02	4.161096e-04	2.761817e-05	2.761817e-05
1.707500e+02	1.710000e+02	6.195820e-04	3.370081e-05	3.370081e-05
1.710000e+02	1.712500e+02	8.780464e-04	4.011896e-05	4.011896e-05
1.712500e+02	1.715000e+02	1.261161e-03	4.808130e-05	4.808130e-05
1.715000e+02	1.717500e+02	1.653440e-03	5.505354e-05	5.505354e-05
1.717500e+02	1.720000e+02	1.889908e-03	5.885879e-05	5.885879e-05
1.720000e+02	1.722500e+02	1.880743e-03	5.871590e-05	5.871590e-05
1.722500e+02	1.725000e+02	1.578284e-03	5.378778e-05	5.378778e-05
1.725000e+02	1.727500e+02	1.182338e-03	4.655452e-05	4.655452e-05
1.727500e+02	1.730000e+02	8.340524e-04	3.910099e-05	3.910099e-05
1.730000e+02	1.732500e+02	6.177488e-04	3.365092e-05	3.365092e-05
1.732500e+02	1.735000e+02	4.711020e-04	2.938655e-05	2.938655e-05
1.735000e+02	1.737500e+02	3.611172e-04	2.572854e-05	2.572854e-05
1.737500e+02	1.740000e+02	2.584646e-04	2.176665e-05	2.176665e-05
1.740000e+02	1.742500e+02	2.144706e-04	1.982782e-05	1.982782e-05
1.742500e+02	1.745000e+02	1.448135e-04	1.629279e-05	1.629279e-05
1.745000e+02	1.747500e+02	1.448135e-04	1.629279e-05	1.629279e-05
1.747500e+02	1.750000e+02	1.393143e-04	1.598044e-05	1.598044e-05
# END HISTO1D


# BEGIN HISTO1D //nfs/dust/atlas/group/top/BS4Tops/r21/atlas-run3-multitops-bsm-joboptions/output/100022_13000GeV_353862/Rivet.yoda.gz/tttt_ttH/Inclusive_mTop1_zoomin
ErrorBars=1
LineColor=blue
LineStyle=solid
Path=//nfs/dust/atlas/group/top/BS4Tops/r21/atlas-run3-multitops-bsm-joboptions/output/100022_13000GeV_353862/Rivet.yoda.gz/tttt_ttH/Inclusive_mTop1_zoomin
ScaledBy=9.99999999999971859e-05
Title=SM tttt (LO)
# xlow	 xhigh	 val	 errminus	 errplus
1.650000e+02	1.652500e+02	2.455192e-05	8.183975e-06	8.183975e-06
1.652500e+02	1.655000e+02	2.727992e-05	8.626667e-06	8.626667e-06
1.655000e+02	1.657500e+02	2.455192e-05	8.183975e-06	8.183975e-06
1.657500e+02	1.660000e+02	1.909594e-05	7.217587e-06	7.217587e-06
1.660000e+02	1.662500e+02	3.546389e-05	9.835913e-06	9.835913e-06
1.662500e+02	1.665000e+02	4.910384e-05	1.157389e-05	1.157389e-05
1.665000e+02	1.667500e+02	4.091988e-05	1.056547e-05	1.056547e-05
1.667500e+02	1.670000e+02	5.728784e-05	1.250123e-05	1.250123e-05
1.670000e+02	1.672500e+02	6.274380e-05	1.308298e-05	1.308298e-05
1.672500e+02	1.675000e+02	7.092776e-05	1.391008e-05	1.391008e-05
1.675000e+02	1.677500e+02	6.274380e-05	1.308298e-05	1.308298e-05
1.677500e+02	1.680000e+02	8.183976e-05	1.494182e-05	1.494182e-05
1.680000e+02	1.682500e+02	7.365576e-05	1.417506e-05	1.417506e-05
1.682500e+02	1.685000e+02	6.274380e-05	1.308298e-05	1.308298e-05
1.685000e+02	1.687500e+02	1.036637e-04	1.681647e-05	1.681647e-05
1.687500e+02	1.690000e+02	1.363996e-04	1.928981e-05	1.928981e-05
1.690000e+02	1.692500e+02	1.309436e-04	1.890008e-05	1.890008e-05
1.692500e+02	1.695000e+02	1.582235e-04	2.077576e-05	2.077576e-05
1.695000e+02	1.697500e+02	1.473115e-04	2.004656e-05	2.004656e-05
1.697500e+02	1.700000e+02	1.991434e-04	2.330797e-05	2.330797e-05
1.700000e+02	1.702500e+02	2.400632e-04	2.559083e-05	2.559083e-05
1.702500e+02	1.705000e+02	3.028070e-04	2.874117e-05	2.874117e-05
1.705000e+02	1.707500e+02	4.337508e-04	3.439866e-05	3.439866e-05
1.707500e+02	1.710000e+02	4.910384e-04	3.659984e-05	3.659984e-05
1.710000e+02	1.712500e+02	6.819980e-04	4.313334e-05	4.313334e-05
1.712500e+02	1.715000e+02	8.647732e-04	4.857051e-05	4.857051e-05
1.715000e+02	1.717500e+02	1.238508e-03	5.812607e-05	5.812607e-05
1.717500e+02	1.720000e+02	1.735002e-03	6.879733e-05	6.879733e-05
1.720000e+02	1.722500e+02	2.299697e-03	7.920577e-05	7.920577e-05
1.722500e+02	1.725000e+02	2.888943e-03	8.877506e-05	8.877506e-05
1.725000e+02	1.727500e+02	3.033526e-03	9.096941e-05	9.096941e-05
1.727500e+02	1.730000e+02	2.433368e-03	8.147520e-05	8.147520e-05
1.730000e+02	1.732500e+02	1.767738e-03	6.944333e-05	6.944333e-05
1.732500e+02	1.735000e+02	1.303980e-03	5.964266e-05	5.964266e-05
1.735000e+02	1.737500e+02	9.629808e-04	5.125430e-05	5.125430e-05
1.737500e+02	1.740000e+02	6.165260e-04	4.101071e-05	4.101071e-05
1.740000e+02	1.742500e+02	5.428704e-04	3.848306e-05	3.848306e-05
1.742500e+02	1.745000e+02	4.119268e-04	3.352212e-05	3.352212e-05
1.745000e+02	1.747500e+02	3.355430e-04	3.025489e-05	3.025489e-05
1.747500e+02	1.750000e+02	2.618872e-04	2.672875e-05	2.672875e-05
# END HISTO1D

