# BEGIN PLOT
LegendOnly=//nfs/dust/atlas/group/top/BS4Tops/r21/atlas-run3-multitops-bsm-joboptions/output/100006_13000GeV_177523/Rivet.yoda.gz/tttt_ttH_1LOS/Inclusive_jet0Pt_2 //nfs/dust/atlas/group/top/BS4Tops/r21/atlas-run3-multitops-bsm-joboptions/output/100022_13000GeV_353862/Rivet.yoda.gz/tttt_ttH_1LOS/Inclusive_jet0Pt_2
DrawOnly=//nfs/dust/atlas/group/top/BS4Tops/r21/atlas-run3-multitops-bsm-joboptions/output/100006_13000GeV_177523/Rivet.yoda.gz/tttt_ttH_1LOS/Inclusive_jet0Pt_2 //nfs/dust/atlas/group/top/BS4Tops/r21/atlas-run3-multitops-bsm-joboptions/output/100022_13000GeV_353862/Rivet.yoda.gz/tttt_ttH_1LOS/Inclusive_jet0Pt_2
RatioPlotReference=//nfs/dust/atlas/group/top/BS4Tops/r21/atlas-run3-multitops-bsm-joboptions/output/100006_13000GeV_177523/Rivet.yoda.gz/tttt_ttH_1LOS/Inclusive_jet0Pt_2
RatioPlot=1
LogY=1
RatioPlotYLabel=Ratio
Legend=1
# END PLOT

# BEGIN HISTO1D //nfs/dust/atlas/group/top/BS4Tops/r21/atlas-run3-multitops-bsm-joboptions/output/100006_13000GeV_177523/Rivet.yoda.gz/tttt_ttH_1LOS/Inclusive_jet0Pt_2
ErrorBars=1
LineColor=red
LineStyle=solid
Path=//nfs/dust/atlas/group/top/BS4Tops/r21/atlas-run3-multitops-bsm-joboptions/output/100006_13000GeV_177523/Rivet.yoda.gz/tttt_ttH_1LOS/Inclusive_jet0Pt_2
ScaledBy=9.99999999999960746e-05
Title=ttH(tt) 1.6 TeV
# xlow	 xhigh	 val	 errminus	 errplus
0.000000e+00	5.000000e+01	0.000000e+00	0.000000e+00	0.000000e+00
5.000000e+01	1.000000e+02	3.590450e-08	4.885983e-09	4.885983e-09
1.000000e+02	1.500000e+02	1.954800e-07	1.140063e-08	1.140063e-08
1.500000e+02	2.000000e+02	3.291246e-07	1.479305e-08	1.479305e-08
2.000000e+02	2.500000e+02	4.248698e-07	1.680759e-08	1.680759e-08
2.500000e+02	3.000000e+02	4.341784e-07	1.699071e-08	1.699071e-08
3.000000e+02	3.500000e+02	4.408274e-07	1.712032e-08	1.712032e-08
3.500000e+02	4.000000e+02	4.667584e-07	1.761666e-08	1.761666e-08
4.000000e+02	4.500000e+02	4.767318e-07	1.780388e-08	1.780388e-08
4.500000e+02	5.000000e+02	4.800564e-07	1.786585e-08	1.786585e-08
5.000000e+02	5.500000e+02	4.800564e-07	1.786585e-08	1.786585e-08
5.500000e+02	6.000000e+02	4.747372e-07	1.776659e-08	1.776659e-08
6.000000e+02	6.500000e+02	4.381678e-07	1.706859e-08	1.706859e-08
6.500000e+02	7.000000e+02	4.089122e-07	1.648893e-08	1.648893e-08
7.000000e+02	7.500000e+02	3.856408e-07	1.601286e-08	1.601286e-08
7.500000e+02	8.000000e+02	3.098424e-07	1.435318e-08	1.435318e-08
8.000000e+02	8.500000e+02	2.546560e-07	1.301231e-08	1.301231e-08
8.500000e+02	9.000000e+02	1.722086e-07	1.070052e-08	1.070052e-08
9.000000e+02	9.500000e+02	1.429531e-07	9.749318e-09	9.749318e-09
9.500000e+02	1.000000e+03	8.577184e-08	7.551789e-09	7.551789e-09
1.000000e+03	1.050000e+03	5.718122e-08	6.166011e-09	6.166011e-09
1.050000e+03	1.100000e+03	3.989388e-08	5.150278e-09	5.150278e-09
1.100000e+03	1.150000e+03	2.593102e-08	4.152287e-09	4.152287e-09
1.150000e+03	1.200000e+03	2.194164e-08	3.819548e-09	3.819548e-09
1.200000e+03	1.250000e+03	1.728735e-08	3.390328e-09	3.390328e-09
1.250000e+03	1.300000e+03	1.462776e-08	3.118648e-09	3.118648e-09
1.300000e+03	1.350000e+03	5.319184e-09	1.880616e-09	1.880616e-09
1.350000e+03	1.400000e+03	4.654286e-09	1.759155e-09	1.759155e-09
1.400000e+03	1.450000e+03	7.313878e-09	2.205217e-09	2.205217e-09
1.450000e+03	1.500000e+03	3.989388e-09	1.628661e-09	1.628661e-09
1.500000e+03	1.550000e+03	1.994694e-09	1.151637e-09	1.151637e-09
1.550000e+03	1.600000e+03	2.659592e-09	1.329796e-09	1.329796e-09
1.600000e+03	1.650000e+03	1.994694e-09	1.151637e-09	1.151637e-09
1.650000e+03	1.700000e+03	2.659592e-09	1.329796e-09	1.329796e-09
1.700000e+03	1.750000e+03	1.329796e-09	9.403078e-10	9.403078e-10
1.750000e+03	1.800000e+03	0.000000e+00	0.000000e+00	0.000000e+00
1.800000e+03	1.850000e+03	0.000000e+00	0.000000e+00	0.000000e+00
1.850000e+03	1.900000e+03	6.648980e-10	6.648979e-10	6.648979e-10
1.900000e+03	1.950000e+03	6.648980e-10	6.648979e-10	6.648979e-10
1.950000e+03	2.000000e+03	0.000000e+00	0.000000e+00	0.000000e+00
# END HISTO1D


# BEGIN HISTO1D //nfs/dust/atlas/group/top/BS4Tops/r21/atlas-run3-multitops-bsm-joboptions/output/100022_13000GeV_353862/Rivet.yoda.gz/tttt_ttH_1LOS/Inclusive_jet0Pt_2
ErrorBars=1
LineColor=blue
LineStyle=solid
Path=//nfs/dust/atlas/group/top/BS4Tops/r21/atlas-run3-multitops-bsm-joboptions/output/100022_13000GeV_353862/Rivet.yoda.gz/tttt_ttH_1LOS/Inclusive_jet0Pt_2
ScaledBy=9.99999999999971859e-05
Title=SM tttt (LO)
# xlow	 xhigh	 val	 errminus	 errplus
0.000000e+00	5.000000e+01	4.091988e-08	2.362510e-08	2.362510e-08
5.000000e+01	1.000000e+02	7.201898e-06	3.134223e-07	3.134223e-07
1.000000e+02	1.500000e+02	3.082630e-05	6.484363e-07	6.484363e-07
1.500000e+02	2.000000e+02	3.249038e-05	6.657080e-07	6.657080e-07
2.000000e+02	2.500000e+02	2.234224e-05	5.520392e-07	5.520392e-07
2.500000e+02	3.000000e+02	1.456747e-05	4.457575e-07	4.457575e-07
3.000000e+02	3.500000e+02	8.129414e-06	3.329938e-07	3.329938e-07
3.500000e+02	4.000000e+02	5.442342e-06	2.724579e-07	2.724579e-07
4.000000e+02	4.500000e+02	4.323866e-06	2.428525e-07	2.428525e-07
4.500000e+02	5.000000e+02	3.137190e-06	2.068601e-07	2.068601e-07
5.000000e+02	5.500000e+02	2.223314e-06	1.741433e-07	1.741433e-07
5.500000e+02	6.000000e+02	1.554955e-06	1.456349e-07	1.456349e-07
6.000000e+02	6.500000e+02	1.159396e-06	1.257542e-07	1.257542e-07
6.500000e+02	7.000000e+02	7.365576e-07	1.002328e-07	1.002328e-07
7.000000e+02	7.500000e+02	6.683580e-07	9.547969e-08	9.547969e-08
7.500000e+02	8.000000e+02	4.773986e-07	8.069508e-08	8.069508e-08
8.000000e+02	8.500000e+02	2.727992e-07	6.099974e-08	6.099974e-08
8.500000e+02	9.000000e+02	1.909594e-07	5.103605e-08	5.103605e-08
9.000000e+02	9.500000e+02	2.045994e-07	5.282733e-08	5.282733e-08
9.500000e+02	1.000000e+03	5.455982e-08	2.727991e-08	2.727991e-08
1.000000e+03	1.050000e+03	8.183974e-08	3.341093e-08	3.341093e-08
1.050000e+03	1.100000e+03	2.727992e-08	1.928981e-08	1.928981e-08
1.100000e+03	1.150000e+03	6.819978e-08	3.049987e-08	3.049987e-08
1.150000e+03	1.200000e+03	1.363996e-08	1.363996e-08	1.363996e-08
1.200000e+03	1.250000e+03	4.091988e-08	2.362510e-08	2.362510e-08
1.250000e+03	1.300000e+03	6.819978e-08	3.049987e-08	3.049987e-08
1.300000e+03	1.350000e+03	1.363996e-08	1.363996e-08	1.363996e-08
1.350000e+03	1.400000e+03	1.363996e-08	1.363996e-08	1.363996e-08
1.400000e+03	1.450000e+03	2.727992e-08	1.928981e-08	1.928981e-08
1.450000e+03	1.500000e+03	0.000000e+00	0.000000e+00	0.000000e+00
1.500000e+03	1.550000e+03	0.000000e+00	0.000000e+00	0.000000e+00
1.550000e+03	1.600000e+03	0.000000e+00	0.000000e+00	0.000000e+00
1.600000e+03	1.650000e+03	0.000000e+00	0.000000e+00	0.000000e+00
1.650000e+03	1.700000e+03	0.000000e+00	0.000000e+00	0.000000e+00
1.700000e+03	1.750000e+03	0.000000e+00	0.000000e+00	0.000000e+00
1.750000e+03	1.800000e+03	0.000000e+00	0.000000e+00	0.000000e+00
1.800000e+03	1.850000e+03	0.000000e+00	0.000000e+00	0.000000e+00
1.850000e+03	1.900000e+03	0.000000e+00	0.000000e+00	0.000000e+00
1.900000e+03	1.950000e+03	0.000000e+00	0.000000e+00	0.000000e+00
1.950000e+03	2.000000e+03	0.000000e+00	0.000000e+00	0.000000e+00
# END HISTO1D

