# BEGIN PLOT
LegendOnly=//nfs/dust/atlas/group/top/BS4Tops/r21/atlas-run3-multitops-bsm-joboptions/output/100006_13000GeV_177523/Rivet.yoda.gz/tttt_ttH_1LOS/Inclusive_mu0Pt_15GeV_2 //nfs/dust/atlas/group/top/BS4Tops/r21/atlas-run3-multitops-bsm-joboptions/output/100022_13000GeV_353862/Rivet.yoda.gz/tttt_ttH_1LOS/Inclusive_mu0Pt_15GeV_2
DrawOnly=//nfs/dust/atlas/group/top/BS4Tops/r21/atlas-run3-multitops-bsm-joboptions/output/100006_13000GeV_177523/Rivet.yoda.gz/tttt_ttH_1LOS/Inclusive_mu0Pt_15GeV_2 //nfs/dust/atlas/group/top/BS4Tops/r21/atlas-run3-multitops-bsm-joboptions/output/100022_13000GeV_353862/Rivet.yoda.gz/tttt_ttH_1LOS/Inclusive_mu0Pt_15GeV_2
RatioPlotReference=//nfs/dust/atlas/group/top/BS4Tops/r21/atlas-run3-multitops-bsm-joboptions/output/100006_13000GeV_177523/Rivet.yoda.gz/tttt_ttH_1LOS/Inclusive_mu0Pt_15GeV_2
RatioPlot=1
LogY=1
RatioPlotYLabel=Ratio
Legend=1
# END PLOT

# BEGIN HISTO1D //nfs/dust/atlas/group/top/BS4Tops/r21/atlas-run3-multitops-bsm-joboptions/output/100006_13000GeV_177523/Rivet.yoda.gz/tttt_ttH_1LOS/Inclusive_mu0Pt_15GeV_2
ErrorBars=1
LineColor=red
LineStyle=solid
Path=//nfs/dust/atlas/group/top/BS4Tops/r21/atlas-run3-multitops-bsm-joboptions/output/100006_13000GeV_177523/Rivet.yoda.gz/tttt_ttH_1LOS/Inclusive_mu0Pt_15GeV_2
ScaledBy=9.99999999999960746e-05
Title=ttH(tt) 1.6 TeV
# xlow	 xhigh	 val	 errminus	 errplus
0.000000e+00	3.000000e+01	6.970347e-07	2.779259e-08	2.779259e-08
3.000000e+01	6.000000e+01	1.244467e-06	3.713588e-08	3.713588e-08
6.000000e+01	9.000000e+01	8.676920e-07	3.100878e-08	3.100878e-08
9.000000e+01	1.200000e+02	5.773530e-07	2.529430e-08	2.529430e-08
1.200000e+02	1.500000e+02	4.399410e-07	2.208000e-08	2.208000e-08
1.500000e+02	1.800000e+02	3.446387e-07	1.954267e-08	1.954267e-08
1.800000e+02	2.100000e+02	2.526612e-07	1.673290e-08	1.673290e-08
2.100000e+02	2.400000e+02	2.039021e-07	1.503186e-08	1.503186e-08
2.400000e+02	2.700000e+02	1.473857e-07	1.277996e-08	1.277996e-08
2.700000e+02	3.000000e+02	1.318714e-07	1.208864e-08	1.208864e-08
3.000000e+02	3.300000e+02	1.119245e-07	1.113691e-08	1.113691e-08
3.300000e+02	3.600000e+02	6.427347e-08	8.439521e-09	8.439521e-09
3.600000e+02	3.900000e+02	5.319183e-08	7.677581e-09	7.677581e-09
3.900000e+02	4.200000e+02	4.211020e-08	6.831178e-09	6.831178e-09
4.200000e+02	4.500000e+02	3.767757e-08	6.461648e-09	6.461648e-09
4.500000e+02	4.800000e+02	3.213674e-08	5.967642e-09	5.967642e-09
4.800000e+02	5.100000e+02	1.994694e-08	4.701539e-09	4.701539e-09
5.100000e+02	5.400000e+02	2.105510e-08	4.830373e-09	4.830373e-09
5.400000e+02	5.700000e+02	1.218980e-08	3.675362e-09	3.675362e-09
5.700000e+02	6.000000e+02	7.757143e-09	2.931925e-09	2.931925e-09
6.000000e+02	6.300000e+02	1.108163e-08	3.504320e-09	3.504320e-09
6.300000e+02	6.600000e+02	7.757143e-09	2.931925e-09	2.931925e-09
6.600000e+02	6.900000e+02	0.000000e+00	0.000000e+00	0.000000e+00
6.900000e+02	7.200000e+02	4.432653e-09	2.216327e-09	2.216327e-09
7.200000e+02	7.500000e+02	0.000000e+00	0.000000e+00	0.000000e+00
7.500000e+02	7.800000e+02	1.108163e-09	1.108163e-09	1.108163e-09
7.800000e+02	8.100000e+02	2.216327e-09	1.567180e-09	1.567180e-09
8.100000e+02	8.400000e+02	0.000000e+00	0.000000e+00	0.000000e+00
8.400000e+02	8.700000e+02	0.000000e+00	0.000000e+00	0.000000e+00
8.700000e+02	9.000000e+02	0.000000e+00	0.000000e+00	0.000000e+00
9.000000e+02	9.300000e+02	1.108163e-09	1.108163e-09	1.108163e-09
9.300000e+02	9.600000e+02	0.000000e+00	0.000000e+00	0.000000e+00
9.600000e+02	9.900000e+02	0.000000e+00	0.000000e+00	0.000000e+00
9.900000e+02	1.020000e+03	0.000000e+00	0.000000e+00	0.000000e+00
1.020000e+03	1.050000e+03	0.000000e+00	0.000000e+00	0.000000e+00
1.050000e+03	1.080000e+03	0.000000e+00	0.000000e+00	0.000000e+00
1.080000e+03	1.110000e+03	0.000000e+00	0.000000e+00	0.000000e+00
1.110000e+03	1.140000e+03	0.000000e+00	0.000000e+00	0.000000e+00
1.140000e+03	1.170000e+03	0.000000e+00	0.000000e+00	0.000000e+00
1.170000e+03	1.200000e+03	0.000000e+00	0.000000e+00	0.000000e+00
# END HISTO1D


# BEGIN HISTO1D //nfs/dust/atlas/group/top/BS4Tops/r21/atlas-run3-multitops-bsm-joboptions/output/100022_13000GeV_353862/Rivet.yoda.gz/tttt_ttH_1LOS/Inclusive_mu0Pt_15GeV_2
ErrorBars=1
LineColor=blue
LineStyle=solid
Path=//nfs/dust/atlas/group/top/BS4Tops/r21/atlas-run3-multitops-bsm-joboptions/output/100022_13000GeV_353862/Rivet.yoda.gz/tttt_ttH_1LOS/Inclusive_mu0Pt_15GeV_2
ScaledBy=9.99999999999971859e-05
Title=SM tttt (LO)
# xlow	 xhigh	 val	 errminus	 errplus
0.000000e+00	3.000000e+01	1.604968e-05	6.040378e-07	6.040378e-07
3.000000e+01	6.000000e+01	2.664338e-05	7.782615e-07	7.782615e-07
6.000000e+01	9.000000e+01	1.686808e-05	6.192467e-07	6.192467e-07
9.000000e+01	1.200000e+02	9.934437e-06	4.752285e-07	4.752285e-07
1.200000e+02	1.500000e+02	6.024313e-06	3.700707e-07	3.700707e-07
1.500000e+02	1.800000e+02	3.409990e-06	2.784245e-07	2.784245e-07
1.800000e+02	2.100000e+02	1.750461e-06	1.994836e-07	1.994836e-07
2.100000e+02	2.400000e+02	1.363996e-06	1.760911e-07	1.760911e-07
2.400000e+02	2.700000e+02	6.137980e-07	1.181255e-07	1.181255e-07
2.700000e+02	3.000000e+02	6.365313e-07	1.202931e-07	1.202931e-07
3.000000e+02	3.300000e+02	3.182657e-07	8.506008e-08	8.506008e-08
3.300000e+02	3.600000e+02	2.273326e-07	7.188889e-08	7.188889e-08
3.600000e+02	3.900000e+02	3.182657e-07	8.506008e-08	8.506008e-08
3.900000e+02	4.200000e+02	6.819980e-08	3.937516e-08	3.937516e-08
4.200000e+02	4.500000e+02	0.000000e+00	0.000000e+00	0.000000e+00
4.500000e+02	4.800000e+02	1.136663e-07	5.083311e-08	5.083311e-08
4.800000e+02	5.100000e+02	0.000000e+00	0.000000e+00	0.000000e+00
5.100000e+02	5.400000e+02	0.000000e+00	0.000000e+00	0.000000e+00
5.400000e+02	5.700000e+02	0.000000e+00	0.000000e+00	0.000000e+00
5.700000e+02	6.000000e+02	0.000000e+00	0.000000e+00	0.000000e+00
6.000000e+02	6.300000e+02	0.000000e+00	0.000000e+00	0.000000e+00
6.300000e+02	6.600000e+02	0.000000e+00	0.000000e+00	0.000000e+00
6.600000e+02	6.900000e+02	0.000000e+00	0.000000e+00	0.000000e+00
6.900000e+02	7.200000e+02	0.000000e+00	0.000000e+00	0.000000e+00
7.200000e+02	7.500000e+02	2.273326e-08	2.273326e-08	2.273326e-08
7.500000e+02	7.800000e+02	0.000000e+00	0.000000e+00	0.000000e+00
7.800000e+02	8.100000e+02	0.000000e+00	0.000000e+00	0.000000e+00
8.100000e+02	8.400000e+02	0.000000e+00	0.000000e+00	0.000000e+00
8.400000e+02	8.700000e+02	0.000000e+00	0.000000e+00	0.000000e+00
8.700000e+02	9.000000e+02	0.000000e+00	0.000000e+00	0.000000e+00
9.000000e+02	9.300000e+02	0.000000e+00	0.000000e+00	0.000000e+00
9.300000e+02	9.600000e+02	0.000000e+00	0.000000e+00	0.000000e+00
9.600000e+02	9.900000e+02	0.000000e+00	0.000000e+00	0.000000e+00
9.900000e+02	1.020000e+03	0.000000e+00	0.000000e+00	0.000000e+00
1.020000e+03	1.050000e+03	0.000000e+00	0.000000e+00	0.000000e+00
1.050000e+03	1.080000e+03	0.000000e+00	0.000000e+00	0.000000e+00
1.080000e+03	1.110000e+03	0.000000e+00	0.000000e+00	0.000000e+00
1.110000e+03	1.140000e+03	0.000000e+00	0.000000e+00	0.000000e+00
1.140000e+03	1.170000e+03	0.000000e+00	0.000000e+00	0.000000e+00
1.170000e+03	1.200000e+03	0.000000e+00	0.000000e+00	0.000000e+00
# END HISTO1D

