# BEGIN PLOT
LegendOnly=//nfs/dust/atlas/group/top/BS4Tops/r21/atlas-run3-multitops-bsm-joboptions/output/100001_13000GeV_447376/Rivet.yoda.gz/tttt_ttH/Inclusive_mTop1_zoomin //nfs/dust/atlas/group/top/BS4Tops/r21/atlas-run3-multitops-bsm-joboptions/output/100022_13000GeV_353862/Rivet.yoda.gz/tttt_ttH/Inclusive_mTop1_zoomin
DrawOnly=//nfs/dust/atlas/group/top/BS4Tops/r21/atlas-run3-multitops-bsm-joboptions/output/100001_13000GeV_447376/Rivet.yoda.gz/tttt_ttH/Inclusive_mTop1_zoomin //nfs/dust/atlas/group/top/BS4Tops/r21/atlas-run3-multitops-bsm-joboptions/output/100022_13000GeV_353862/Rivet.yoda.gz/tttt_ttH/Inclusive_mTop1_zoomin
RatioPlotReference=//nfs/dust/atlas/group/top/BS4Tops/r21/atlas-run3-multitops-bsm-joboptions/output/100001_13000GeV_447376/Rivet.yoda.gz/tttt_ttH/Inclusive_mTop1_zoomin
RatioPlot=1
LogY=1
RatioPlotYLabel=Ratio
Legend=1
# END PLOT

# BEGIN HISTO1D //nfs/dust/atlas/group/top/BS4Tops/r21/atlas-run3-multitops-bsm-joboptions/output/100001_13000GeV_447376/Rivet.yoda.gz/tttt_ttH/Inclusive_mTop1_zoomin
ErrorBars=1
LineColor=red
LineStyle=solid
Path=//nfs/dust/atlas/group/top/BS4Tops/r21/atlas-run3-multitops-bsm-joboptions/output/100001_13000GeV_447376/Rivet.yoda.gz/tttt_ttH/Inclusive_mTop1_zoomin
ScaledBy=9.99999999999935673e-05
Title=ttH(tt) 1.1 TeV
# xlow	 xhigh	 val	 errminus	 errplus
1.650000e+02	1.652500e+02	1.988233e-05	4.561319e-06	4.561319e-06
1.652500e+02	1.655000e+02	1.255726e-05	3.624969e-06	3.624969e-06
1.655000e+02	1.657500e+02	7.325068e-06	2.768616e-06	2.768616e-06
1.657500e+02	1.660000e+02	2.092877e-05	4.679815e-06	4.679815e-06
1.660000e+02	1.662500e+02	1.046438e-05	3.309129e-06	3.309129e-06
1.662500e+02	1.665000e+02	1.674302e-05	4.185753e-06	4.185753e-06
1.665000e+02	1.667500e+02	2.302165e-05	4.908231e-06	4.908231e-06
1.667500e+02	1.670000e+02	3.034672e-05	5.635243e-06	5.635243e-06
1.670000e+02	1.672500e+02	2.302165e-05	4.908231e-06	4.908231e-06
1.672500e+02	1.675000e+02	3.348603e-05	5.919550e-06	5.919550e-06
1.675000e+02	1.677500e+02	1.988233e-05	4.561319e-06	4.561319e-06
1.677500e+02	1.680000e+02	2.930028e-05	5.537233e-06	5.537233e-06
1.680000e+02	1.682500e+02	5.022904e-05	7.249938e-06	7.249938e-06
1.682500e+02	1.685000e+02	4.604328e-05	6.941287e-06	6.941287e-06
1.685000e+02	1.687500e+02	5.232192e-05	7.399438e-06	7.399438e-06
1.687500e+02	1.690000e+02	6.487920e-05	8.239665e-06	8.239665e-06
1.690000e+02	1.692500e+02	6.592564e-05	8.305848e-06	8.305848e-06
1.692500e+02	1.695000e+02	8.266864e-05	9.300949e-06	9.300949e-06
1.695000e+02	1.697500e+02	9.417948e-05	9.927387e-06	9.927387e-06
1.697500e+02	1.700000e+02	1.151082e-04	1.097514e-05	1.097514e-05
1.700000e+02	1.702500e+02	1.831267e-04	1.384308e-05	1.384308e-05
1.702500e+02	1.705000e+02	1.820803e-04	1.380347e-05	1.380347e-05
1.705000e+02	1.707500e+02	2.657954e-04	1.667749e-05	1.667749e-05
1.707500e+02	1.710000e+02	3.798572e-04	1.993733e-05	1.993733e-05
1.710000e+02	1.712500e+02	4.478756e-04	2.164889e-05	2.164889e-05
1.712500e+02	1.715000e+02	6.697208e-04	2.647303e-05	2.647303e-05
1.715000e+02	1.717500e+02	8.727296e-04	3.022016e-05	3.022016e-05
1.717500e+02	1.720000e+02	1.042253e-03	3.302504e-05	3.302504e-05
1.720000e+02	1.722500e+02	1.118643e-03	3.421390e-05	3.421390e-05
1.722500e+02	1.725000e+02	9.041228e-04	3.075888e-05	3.075888e-05
1.725000e+02	1.727500e+02	6.686740e-04	2.645234e-05	2.645234e-05
1.727500e+02	1.730000e+02	4.625260e-04	2.200011e-05	2.200011e-05
1.730000e+02	1.732500e+02	3.641606e-04	1.952106e-05	1.952106e-05
1.732500e+02	1.735000e+02	2.783526e-04	1.706689e-05	1.706689e-05
1.735000e+02	1.737500e+02	2.019626e-04	1.453759e-05	1.453759e-05
1.737500e+02	1.740000e+02	1.538264e-04	1.268739e-05	1.268739e-05
1.740000e+02	1.742500e+02	1.297584e-04	1.165265e-05	1.165265e-05
1.742500e+02	1.745000e+02	1.213869e-04	1.127049e-05	1.127049e-05
1.745000e+02	1.747500e+02	8.476152e-05	9.417946e-06	9.417946e-06
1.747500e+02	1.750000e+02	7.743644e-05	9.001804e-06	9.001804e-06
# END HISTO1D


# BEGIN HISTO1D //nfs/dust/atlas/group/top/BS4Tops/r21/atlas-run3-multitops-bsm-joboptions/output/100022_13000GeV_353862/Rivet.yoda.gz/tttt_ttH/Inclusive_mTop1_zoomin
ErrorBars=1
LineColor=blue
LineStyle=solid
Path=//nfs/dust/atlas/group/top/BS4Tops/r21/atlas-run3-multitops-bsm-joboptions/output/100022_13000GeV_353862/Rivet.yoda.gz/tttt_ttH/Inclusive_mTop1_zoomin
ScaledBy=9.99999999999971859e-05
Title=SM tttt (LO)
# xlow	 xhigh	 val	 errminus	 errplus
1.650000e+02	1.652500e+02	2.455192e-05	8.183975e-06	8.183975e-06
1.652500e+02	1.655000e+02	2.727992e-05	8.626667e-06	8.626667e-06
1.655000e+02	1.657500e+02	2.455192e-05	8.183975e-06	8.183975e-06
1.657500e+02	1.660000e+02	1.909594e-05	7.217587e-06	7.217587e-06
1.660000e+02	1.662500e+02	3.546389e-05	9.835913e-06	9.835913e-06
1.662500e+02	1.665000e+02	4.910384e-05	1.157389e-05	1.157389e-05
1.665000e+02	1.667500e+02	4.091988e-05	1.056547e-05	1.056547e-05
1.667500e+02	1.670000e+02	5.728784e-05	1.250123e-05	1.250123e-05
1.670000e+02	1.672500e+02	6.274380e-05	1.308298e-05	1.308298e-05
1.672500e+02	1.675000e+02	7.092776e-05	1.391008e-05	1.391008e-05
1.675000e+02	1.677500e+02	6.274380e-05	1.308298e-05	1.308298e-05
1.677500e+02	1.680000e+02	8.183976e-05	1.494182e-05	1.494182e-05
1.680000e+02	1.682500e+02	7.365576e-05	1.417506e-05	1.417506e-05
1.682500e+02	1.685000e+02	6.274380e-05	1.308298e-05	1.308298e-05
1.685000e+02	1.687500e+02	1.036637e-04	1.681647e-05	1.681647e-05
1.687500e+02	1.690000e+02	1.363996e-04	1.928981e-05	1.928981e-05
1.690000e+02	1.692500e+02	1.309436e-04	1.890008e-05	1.890008e-05
1.692500e+02	1.695000e+02	1.582235e-04	2.077576e-05	2.077576e-05
1.695000e+02	1.697500e+02	1.473115e-04	2.004656e-05	2.004656e-05
1.697500e+02	1.700000e+02	1.991434e-04	2.330797e-05	2.330797e-05
1.700000e+02	1.702500e+02	2.400632e-04	2.559083e-05	2.559083e-05
1.702500e+02	1.705000e+02	3.028070e-04	2.874117e-05	2.874117e-05
1.705000e+02	1.707500e+02	4.337508e-04	3.439866e-05	3.439866e-05
1.707500e+02	1.710000e+02	4.910384e-04	3.659984e-05	3.659984e-05
1.710000e+02	1.712500e+02	6.819980e-04	4.313334e-05	4.313334e-05
1.712500e+02	1.715000e+02	8.647732e-04	4.857051e-05	4.857051e-05
1.715000e+02	1.717500e+02	1.238508e-03	5.812607e-05	5.812607e-05
1.717500e+02	1.720000e+02	1.735002e-03	6.879733e-05	6.879733e-05
1.720000e+02	1.722500e+02	2.299697e-03	7.920577e-05	7.920577e-05
1.722500e+02	1.725000e+02	2.888943e-03	8.877506e-05	8.877506e-05
1.725000e+02	1.727500e+02	3.033526e-03	9.096941e-05	9.096941e-05
1.727500e+02	1.730000e+02	2.433368e-03	8.147520e-05	8.147520e-05
1.730000e+02	1.732500e+02	1.767738e-03	6.944333e-05	6.944333e-05
1.732500e+02	1.735000e+02	1.303980e-03	5.964266e-05	5.964266e-05
1.735000e+02	1.737500e+02	9.629808e-04	5.125430e-05	5.125430e-05
1.737500e+02	1.740000e+02	6.165260e-04	4.101071e-05	4.101071e-05
1.740000e+02	1.742500e+02	5.428704e-04	3.848306e-05	3.848306e-05
1.742500e+02	1.745000e+02	4.119268e-04	3.352212e-05	3.352212e-05
1.745000e+02	1.747500e+02	3.355430e-04	3.025489e-05	3.025489e-05
1.747500e+02	1.750000e+02	2.618872e-04	2.672875e-05	2.672875e-05
# END HISTO1D

