# BEGIN PLOT
LegendOnly=//nfs/dust/atlas/group/top/BS4Tops/r21/atlas-run3-multitops-bsm-joboptions/output/100003_13000GeV_147446/Rivet.yoda.gz/tttt_ttH/Inclusive_mTop2_zoomin //nfs/dust/atlas/group/top/BS4Tops/r21/atlas-run3-multitops-bsm-joboptions/output/100022_13000GeV_353862/Rivet.yoda.gz/tttt_ttH/Inclusive_mTop2_zoomin
DrawOnly=//nfs/dust/atlas/group/top/BS4Tops/r21/atlas-run3-multitops-bsm-joboptions/output/100003_13000GeV_147446/Rivet.yoda.gz/tttt_ttH/Inclusive_mTop2_zoomin //nfs/dust/atlas/group/top/BS4Tops/r21/atlas-run3-multitops-bsm-joboptions/output/100022_13000GeV_353862/Rivet.yoda.gz/tttt_ttH/Inclusive_mTop2_zoomin
RatioPlotReference=//nfs/dust/atlas/group/top/BS4Tops/r21/atlas-run3-multitops-bsm-joboptions/output/100003_13000GeV_147446/Rivet.yoda.gz/tttt_ttH/Inclusive_mTop2_zoomin
RatioPlot=1
LogY=1
RatioPlotYLabel=Ratio
Legend=1
# END PLOT

# BEGIN HISTO1D //nfs/dust/atlas/group/top/BS4Tops/r21/atlas-run3-multitops-bsm-joboptions/output/100003_13000GeV_147446/Rivet.yoda.gz/tttt_ttH/Inclusive_mTop2_zoomin
ErrorBars=1
LineColor=red
LineStyle=solid
Path=//nfs/dust/atlas/group/top/BS4Tops/r21/atlas-run3-multitops-bsm-joboptions/output/100003_13000GeV_147446/Rivet.yoda.gz/tttt_ttH/Inclusive_mTop2_zoomin
ScaledBy=9.99999999999621661e-05
Title=ttH(tt) 1.3 TeV
# xlow	 xhigh	 val	 errminus	 errplus
1.650000e+02	1.652500e+02	6.698440e-06	1.790233e-06	1.790233e-06
1.652500e+02	1.655000e+02	5.263060e-06	1.586872e-06	1.586872e-06
1.655000e+02	1.657500e+02	6.219980e-06	1.725112e-06	1.725112e-06
1.657500e+02	1.660000e+02	7.176900e-06	1.853068e-06	1.853068e-06
1.660000e+02	1.662500e+02	6.219980e-06	1.725112e-06	1.725112e-06
1.662500e+02	1.665000e+02	7.176900e-06	1.853068e-06	1.853068e-06
1.665000e+02	1.667500e+02	6.219980e-06	1.725112e-06	1.725112e-06
1.667500e+02	1.670000e+02	1.052612e-05	2.244176e-06	2.244176e-06
1.670000e+02	1.672500e+02	1.100458e-05	2.294613e-06	2.294613e-06
1.672500e+02	1.675000e+02	8.133820e-06	1.972741e-06	1.972741e-06
1.675000e+02	1.677500e+02	8.612280e-06	2.029934e-06	2.029934e-06
1.677500e+02	1.680000e+02	1.578918e-05	2.748543e-06	2.748543e-06
1.680000e+02	1.682500e+02	2.248762e-05	3.280156e-06	3.280156e-06
1.682500e+02	1.685000e+02	1.913840e-05	3.026046e-06	3.026046e-06
1.685000e+02	1.687500e+02	2.535838e-05	3.483241e-06	3.483241e-06
1.687500e+02	1.690000e+02	2.966452e-05	3.767397e-06	3.767397e-06
1.690000e+02	1.692500e+02	3.062144e-05	3.827679e-06	3.827679e-06
1.692500e+02	1.695000e+02	4.019064e-05	4.385157e-06	4.385157e-06
1.695000e+02	1.697500e+02	4.258292e-05	4.513782e-06	4.513782e-06
1.697500e+02	1.700000e+02	5.550136e-05	5.153171e-06	5.153171e-06
1.700000e+02	1.702500e+02	6.507056e-05	5.579753e-06	5.579753e-06
1.702500e+02	1.705000e+02	9.042892e-05	6.577737e-06	6.577737e-06
1.705000e+02	1.707500e+02	1.157873e-04	7.443090e-06	7.443090e-06
1.707500e+02	1.710000e+02	1.617194e-04	8.796378e-06	8.796378e-06
1.710000e+02	1.712500e+02	1.918624e-04	9.581152e-06	9.581152e-06
1.712500e+02	1.715000e+02	3.100420e-04	1.217960e-05	1.217960e-05
1.715000e+02	1.717500e+02	4.023848e-04	1.387534e-05	1.387534e-05
1.717500e+02	1.720000e+02	4.985552e-04	1.544470e-05	1.544470e-05
1.720000e+02	1.722500e+02	5.186504e-04	1.575289e-05	1.575289e-05
1.722500e+02	1.725000e+02	4.095616e-04	1.399853e-05	1.399853e-05
1.725000e+02	1.727500e+02	3.191328e-04	1.235687e-05	1.235687e-05
1.727500e+02	1.730000e+02	2.330100e-04	1.055869e-05	1.055869e-05
1.730000e+02	1.732500e+02	1.574133e-04	8.678477e-06	8.678477e-06
1.732500e+02	1.735000e+02	1.100458e-04	7.256204e-06	7.256204e-06
1.735000e+02	1.737500e+02	1.009550e-04	6.950032e-06	6.950032e-06
1.737500e+02	1.740000e+02	8.181664e-05	6.256675e-06	6.256675e-06
1.740000e+02	1.742500e+02	6.650592e-05	5.640959e-06	5.640959e-06
1.742500e+02	1.745000e+02	4.832444e-05	4.808463e-06	4.808463e-06
1.745000e+02	1.747500e+02	3.731987e-05	4.225644e-06	4.225644e-06
1.747500e+02	1.750000e+02	3.731987e-05	4.225644e-06	4.225644e-06
# END HISTO1D


# BEGIN HISTO1D //nfs/dust/atlas/group/top/BS4Tops/r21/atlas-run3-multitops-bsm-joboptions/output/100022_13000GeV_353862/Rivet.yoda.gz/tttt_ttH/Inclusive_mTop2_zoomin
ErrorBars=1
LineColor=blue
LineStyle=solid
Path=//nfs/dust/atlas/group/top/BS4Tops/r21/atlas-run3-multitops-bsm-joboptions/output/100022_13000GeV_353862/Rivet.yoda.gz/tttt_ttH/Inclusive_mTop2_zoomin
ScaledBy=9.99999999999971859e-05
Title=SM tttt (LO)
# xlow	 xhigh	 val	 errminus	 errplus
1.650000e+02	1.652500e+02	1.091196e-05	5.455982e-06	5.455982e-06
1.652500e+02	1.655000e+02	3.000790e-05	9.047724e-06	9.047724e-06
1.655000e+02	1.657500e+02	3.819188e-05	1.020721e-05	1.020721e-05
1.657500e+02	1.660000e+02	3.546389e-05	9.835913e-06	9.835913e-06
1.660000e+02	1.662500e+02	5.455984e-05	1.219995e-05	1.219995e-05
1.662500e+02	1.665000e+02	4.364788e-05	1.091197e-05	1.091197e-05
1.665000e+02	1.667500e+02	6.547180e-05	1.336438e-05	1.336438e-05
1.667500e+02	1.670000e+02	3.000790e-05	9.047724e-06	9.047724e-06
1.670000e+02	1.672500e+02	5.728784e-05	1.250123e-05	1.250123e-05
1.672500e+02	1.675000e+02	6.547180e-05	1.336438e-05	1.336438e-05
1.675000e+02	1.677500e+02	4.364788e-05	1.091197e-05	1.091197e-05
1.677500e+02	1.680000e+02	6.274380e-05	1.308298e-05	1.308298e-05
1.680000e+02	1.682500e+02	4.364788e-05	1.091197e-05	1.091197e-05
1.682500e+02	1.685000e+02	7.092776e-05	1.391008e-05	1.391008e-05
1.685000e+02	1.687500e+02	8.456772e-05	1.518881e-05	1.518881e-05
1.687500e+02	1.690000e+02	9.002372e-05	1.567112e-05	1.567112e-05
1.690000e+02	1.692500e+02	9.820768e-05	1.636795e-05	1.636795e-05
1.692500e+02	1.695000e+02	1.336716e-04	1.909594e-05	1.909594e-05
1.695000e+02	1.697500e+02	1.582235e-04	2.077576e-05	2.077576e-05
1.697500e+02	1.700000e+02	2.100554e-04	2.393803e-05	2.393803e-05
1.700000e+02	1.702500e+02	2.236953e-04	2.470301e-05	2.470301e-05
1.702500e+02	1.705000e+02	3.519109e-04	3.098403e-05	3.098403e-05
1.705000e+02	1.707500e+02	4.201108e-04	3.385348e-05	3.385348e-05
1.707500e+02	1.710000e+02	4.746704e-04	3.598468e-05	3.598468e-05
1.710000e+02	1.712500e+02	6.792700e-04	4.304697e-05	4.304697e-05
1.712500e+02	1.715000e+02	9.384292e-04	5.059671e-05	5.059671e-05
1.715000e+02	1.717500e+02	1.213956e-03	5.754705e-05	5.754705e-05
1.717500e+02	1.720000e+02	1.767738e-03	6.944333e-05	6.944333e-05
1.720000e+02	1.722500e+02	2.294241e-03	7.911175e-05	7.911175e-05
1.722500e+02	1.725000e+02	3.003518e-03	9.051836e-05	9.051836e-05
1.725000e+02	1.727500e+02	2.978967e-03	9.014763e-05	9.014763e-05
1.727500e+02	1.730000e+02	2.433368e-03	8.147520e-05	8.147520e-05
1.730000e+02	1.732500e+02	1.751370e-03	6.912108e-05	6.912108e-05
1.732500e+02	1.735000e+02	1.252148e-03	5.844527e-05	5.844527e-05
1.735000e+02	1.737500e+02	8.565892e-04	4.834013e-05	4.834013e-05
1.737500e+02	1.740000e+02	6.956380e-04	4.356253e-05	4.356253e-05
1.740000e+02	1.742500e+02	5.210464e-04	3.770159e-05	3.770159e-05
1.742500e+02	1.745000e+02	4.392068e-04	3.461433e-05	3.461433e-05
1.745000e+02	1.747500e+02	3.437269e-04	3.062163e-05	3.062163e-05
1.747500e+02	1.750000e+02	2.155113e-04	2.424692e-05	2.424692e-05
# END HISTO1D

