# BEGIN PLOT
LegendOnly=//nfs/dust/atlas/group/top/BS4Tops/r21/atlas-run3-multitops-bsm-joboptions/output/100019_13000GeV_383221/Rivet.yoda.gz/tttt_ttH/Inclusive_mTop3 //nfs/dust/atlas/group/top/BS4Tops/r21/atlas-run3-multitops-bsm-joboptions/output/100022_13000GeV_353862/Rivet.yoda.gz/tttt_ttH/Inclusive_mTop3
DrawOnly=//nfs/dust/atlas/group/top/BS4Tops/r21/atlas-run3-multitops-bsm-joboptions/output/100019_13000GeV_383221/Rivet.yoda.gz/tttt_ttH/Inclusive_mTop3 //nfs/dust/atlas/group/top/BS4Tops/r21/atlas-run3-multitops-bsm-joboptions/output/100022_13000GeV_353862/Rivet.yoda.gz/tttt_ttH/Inclusive_mTop3
RatioPlotReference=//nfs/dust/atlas/group/top/BS4Tops/r21/atlas-run3-multitops-bsm-joboptions/output/100019_13000GeV_383221/Rivet.yoda.gz/tttt_ttH/Inclusive_mTop3
RatioPlot=1
LogY=1
RatioPlotYLabel=Ratio
Legend=1
# END PLOT

# BEGIN HISTO1D //nfs/dust/atlas/group/top/BS4Tops/r21/atlas-run3-multitops-bsm-joboptions/output/100019_13000GeV_383221/Rivet.yoda.gz/tttt_ttH/Inclusive_mTop3
ErrorBars=1
LineColor=red
LineStyle=solid
Path=//nfs/dust/atlas/group/top/BS4Tops/r21/atlas-run3-multitops-bsm-joboptions/output/100019_13000GeV_383221/Rivet.yoda.gz/tttt_ttH/Inclusive_mTop3
ScaledBy=4.61041954817926851e-04
Title=ttH(tt) 2.9 TeV
# xlow	 xhigh	 val	 errminus	 errplus
1.500000e+02	1.520000e+02	4.704979e-09	3.326923e-09	3.326923e-09
1.520000e+02	1.540000e+02	7.057470e-09	4.074632e-09	4.074632e-09
1.540000e+02	1.560000e+02	0.000000e+00	0.000000e+00	0.000000e+00
1.560000e+02	1.580000e+02	4.704979e-09	3.326923e-09	3.326923e-09
1.580000e+02	1.600000e+02	1.411494e-08	5.762400e-09	5.762400e-09
1.600000e+02	1.620000e+02	1.881992e-08	6.653847e-09	6.653847e-09
1.620000e+02	1.640000e+02	1.646743e-08	6.224102e-09	6.224102e-09
1.640000e+02	1.660000e+02	6.116475e-08	1.199539e-08	1.199539e-08
1.660000e+02	1.680000e+02	8.468965e-08	1.411494e-08	1.411494e-08
1.680000e+02	1.700000e+02	2.846512e-07	2.587739e-08	2.587739e-08
1.700000e+02	1.720000e+02	1.992559e-06	6.846514e-08	6.846514e-08
1.720000e+02	1.740000e+02	2.004322e-06	6.866691e-08	6.866691e-08
1.740000e+02	1.760000e+02	2.917087e-07	2.619622e-08	2.619622e-08
1.760000e+02	1.780000e+02	1.199770e-07	1.680014e-08	1.680014e-08
1.780000e+02	1.800000e+02	8.468965e-08	1.411494e-08	1.411494e-08
1.800000e+02	1.820000e+02	4.469731e-08	1.025426e-08	1.025426e-08
1.820000e+02	1.840000e+02	1.881992e-08	6.653847e-09	6.653847e-09
1.840000e+02	1.860000e+02	9.409960e-09	4.704980e-09	4.704980e-09
1.860000e+02	1.880000e+02	7.057470e-09	4.074632e-09	4.074632e-09
1.880000e+02	1.900000e+02	1.176245e-08	5.260328e-09	5.260328e-09
1.900000e+02	1.920000e+02	1.646743e-08	6.224102e-09	6.224102e-09
1.920000e+02	1.940000e+02	4.704979e-09	3.326923e-09	3.326923e-09
1.940000e+02	1.960000e+02	0.000000e+00	0.000000e+00	0.000000e+00
1.960000e+02	1.980000e+02	0.000000e+00	0.000000e+00	0.000000e+00
1.980000e+02	2.000000e+02	0.000000e+00	0.000000e+00	0.000000e+00
# END HISTO1D


# BEGIN HISTO1D //nfs/dust/atlas/group/top/BS4Tops/r21/atlas-run3-multitops-bsm-joboptions/output/100022_13000GeV_353862/Rivet.yoda.gz/tttt_ttH/Inclusive_mTop3
ErrorBars=1
LineColor=blue
LineStyle=solid
Path=//nfs/dust/atlas/group/top/BS4Tops/r21/atlas-run3-multitops-bsm-joboptions/output/100022_13000GeV_353862/Rivet.yoda.gz/tttt_ttH/Inclusive_mTop3
ScaledBy=9.99999999999971859e-05
Title=SM tttt (LO)
# xlow	 xhigh	 val	 errminus	 errplus
1.500000e+02	1.520000e+02	2.386993e-06	9.021984e-07	9.021984e-07
1.520000e+02	1.540000e+02	4.432986e-06	1.229489e-06	1.229489e-06
1.540000e+02	1.560000e+02	3.068991e-06	1.022997e-06	1.022997e-06
1.560000e+02	1.580000e+02	5.114985e-06	1.320683e-06	1.320683e-06
1.580000e+02	1.600000e+02	4.432986e-06	1.229489e-06	1.229489e-06
1.600000e+02	1.620000e+02	9.206970e-06	1.771882e-06	1.771882e-06
1.620000e+02	1.640000e+02	1.432195e-05	2.209926e-06	2.209926e-06
1.640000e+02	1.660000e+02	2.830291e-05	3.106648e-06	3.106648e-06
1.660000e+02	1.680000e+02	3.750988e-05	3.576427e-06	3.576427e-06
1.680000e+02	1.700000e+02	1.292386e-04	6.638541e-06	6.638541e-06
1.700000e+02	1.720000e+02	7.420135e-04	1.590678e-05	1.590678e-05
1.720000e+02	1.740000e+02	1.926303e-03	2.562942e-05	2.562942e-05
1.740000e+02	1.760000e+02	2.860981e-04	9.877204e-06	9.877204e-06
1.760000e+02	1.780000e+02	9.070570e-05	5.561524e-06	5.561524e-06
1.780000e+02	1.800000e+02	4.228387e-05	3.797203e-06	3.797203e-06
1.800000e+02	1.820000e+02	2.625692e-05	2.992253e-06	2.992253e-06
1.820000e+02	1.840000e+02	1.670895e-05	2.386992e-06	2.386992e-06
1.840000e+02	1.860000e+02	1.329896e-05	2.129538e-06	2.129538e-06
1.860000e+02	1.880000e+02	7.160980e-06	1.562653e-06	1.562653e-06
1.880000e+02	1.900000e+02	7.842975e-06	1.635373e-06	1.635373e-06
1.900000e+02	1.920000e+02	6.478980e-06	1.486380e-06	1.486380e-06
1.920000e+02	1.940000e+02	4.773985e-06	1.275901e-06	1.275901e-06
1.940000e+02	1.960000e+02	2.045994e-06	8.352733e-07	8.352733e-07
1.960000e+02	1.980000e+02	0.000000e+00	0.000000e+00	0.000000e+00
1.980000e+02	2.000000e+02	0.000000e+00	0.000000e+00	0.000000e+00
# END HISTO1D

