# BEGIN PLOT
LegendOnly=//nfs/dust/atlas/group/top/BS4Tops/r21/atlas-run3-multitops-bsm-joboptions/output/100011_13000GeV_267716/Rivet.yoda.gz/tttt_ttH/Inclusive_pT_ttbar12 //nfs/dust/atlas/group/top/BS4Tops/r21/atlas-run3-multitops-bsm-joboptions/output/100022_13000GeV_353862/Rivet.yoda.gz/tttt_ttH/Inclusive_pT_ttbar12
DrawOnly=//nfs/dust/atlas/group/top/BS4Tops/r21/atlas-run3-multitops-bsm-joboptions/output/100011_13000GeV_267716/Rivet.yoda.gz/tttt_ttH/Inclusive_pT_ttbar12 //nfs/dust/atlas/group/top/BS4Tops/r21/atlas-run3-multitops-bsm-joboptions/output/100022_13000GeV_353862/Rivet.yoda.gz/tttt_ttH/Inclusive_pT_ttbar12
RatioPlotReference=//nfs/dust/atlas/group/top/BS4Tops/r21/atlas-run3-multitops-bsm-joboptions/output/100011_13000GeV_267716/Rivet.yoda.gz/tttt_ttH/Inclusive_pT_ttbar12
RatioPlot=1
LogY=1
RatioPlotYLabel=Ratio
Legend=1
# END PLOT

# BEGIN HISTO1D //nfs/dust/atlas/group/top/BS4Tops/r21/atlas-run3-multitops-bsm-joboptions/output/100011_13000GeV_267716/Rivet.yoda.gz/tttt_ttH/Inclusive_pT_ttbar12
ErrorBars=1
LineColor=red
LineStyle=solid
Path=//nfs/dust/atlas/group/top/BS4Tops/r21/atlas-run3-multitops-bsm-joboptions/output/100011_13000GeV_267716/Rivet.yoda.gz/tttt_ttH/Inclusive_pT_ttbar12
ScaledBy=9.99999999999890679e-05
Title=ttH(tt) 2.1 TeV
# xlow	 xhigh	 val	 errminus	 errplus
0.000000e+00	4.000000e+01	3.659312e-08	2.555774e-09	2.555774e-09
4.000000e+01	8.000000e+01	9.692713e-08	4.159542e-09	4.159542e-09
8.000000e+01	1.200000e+02	1.313782e-07	4.842665e-09	4.842665e-09
1.200000e+02	1.600000e+02	1.544051e-07	5.249931e-09	5.249931e-09
1.600000e+02	2.000000e+02	1.827871e-07	5.712096e-09	5.712096e-09
2.000000e+02	2.400000e+02	1.597602e-07	5.340194e-09	5.340194e-09
2.400000e+02	2.800000e+02	1.420884e-07	5.036190e-09	5.036190e-09
2.800000e+02	3.200000e+02	1.292362e-07	4.803025e-09	4.803025e-09
3.200000e+02	3.600000e+02	1.197755e-07	4.623883e-09	4.623883e-09
3.600000e+02	4.000000e+02	1.072803e-07	4.376055e-09	4.376055e-09
4.000000e+02	4.400000e+02	9.478510e-08	4.113323e-09	4.113323e-09
4.400000e+02	4.800000e+02	7.836282e-08	3.740053e-09	3.740053e-09
4.800000e+02	5.200000e+02	6.551060e-08	3.419625e-09	3.419625e-09
5.200000e+02	5.600000e+02	5.015935e-08	2.992256e-09	2.992256e-09
5.600000e+02	6.000000e+02	4.248373e-08	2.753810e-09	2.753810e-09
6.000000e+02	6.400000e+02	3.695013e-08	2.568211e-09	2.568211e-09
6.400000e+02	6.800000e+02	3.195205e-08	2.388207e-09	2.388207e-09
6.800000e+02	7.200000e+02	2.177737e-08	1.971630e-09	1.971630e-09
7.200000e+02	7.600000e+02	1.963533e-08	1.872155e-09	1.872155e-09
7.600000e+02	8.000000e+02	1.570826e-08	1.674507e-09	1.674507e-09
8.000000e+02	8.400000e+02	1.356623e-08	1.556153e-09	1.556153e-09
8.400000e+02	8.800000e+02	1.106719e-08	1.405534e-09	1.405534e-09
8.800000e+02	9.200000e+02	8.746648e-09	1.249521e-09	1.249521e-09
9.200000e+02	9.600000e+02	6.604612e-09	1.085791e-09	1.085791e-09
9.600000e+02	1.000000e+03	5.712097e-09	1.009765e-09	1.009765e-09
# END HISTO1D


# BEGIN HISTO1D //nfs/dust/atlas/group/top/BS4Tops/r21/atlas-run3-multitops-bsm-joboptions/output/100022_13000GeV_353862/Rivet.yoda.gz/tttt_ttH/Inclusive_pT_ttbar12
ErrorBars=1
LineColor=blue
LineStyle=solid
Path=//nfs/dust/atlas/group/top/BS4Tops/r21/atlas-run3-multitops-bsm-joboptions/output/100022_13000GeV_353862/Rivet.yoda.gz/tttt_ttH/Inclusive_pT_ttbar12
ScaledBy=9.99999999999971859e-05
Title=SM tttt (LO)
# xlow	 xhigh	 val	 errminus	 errplus
0.000000e+00	4.000000e+01	1.350356e-05	4.798280e-07	4.798280e-07
4.000000e+01	8.000000e+01	2.864390e-05	6.988398e-07	6.988398e-07
8.000000e+01	1.200000e+02	3.203685e-05	7.390714e-07	7.390714e-07
1.200000e+02	1.600000e+02	2.792780e-05	6.900490e-07	6.900490e-07
1.600000e+02	2.000000e+02	2.197738e-05	6.121382e-07	6.121382e-07
2.000000e+02	2.400000e+02	1.616335e-05	5.249612e-07	5.249612e-07
2.400000e+02	2.800000e+02	1.113362e-05	4.356921e-07	4.356921e-07
2.800000e+02	3.200000e+02	6.478980e-06	3.323646e-07	3.323646e-07
3.200000e+02	3.600000e+02	4.228388e-06	2.685028e-07	2.685028e-07
3.600000e+02	4.000000e+02	2.966690e-06	2.249042e-07	2.249042e-07
4.000000e+02	4.400000e+02	2.148293e-06	1.913852e-07	1.913852e-07
4.400000e+02	4.800000e+02	1.193496e-06	1.426501e-07	1.426501e-07
4.800000e+02	5.200000e+02	6.990477e-07	1.091729e-07	1.091729e-07
5.200000e+02	5.600000e+02	5.285483e-07	9.493007e-08	9.493007e-08
5.600000e+02	6.000000e+02	2.898490e-07	7.029873e-08	7.029873e-08
6.000000e+02	6.400000e+02	1.875494e-07	5.654828e-08	5.654828e-08
6.400000e+02	6.800000e+02	1.704995e-07	5.391667e-08	5.391667e-08
6.800000e+02	7.200000e+02	3.409990e-08	2.411227e-08	2.411227e-08
7.200000e+02	7.600000e+02	1.704995e-08	1.704995e-08	1.704995e-08
7.600000e+02	8.000000e+02	5.114985e-08	2.953137e-08	2.953137e-08
8.000000e+02	8.400000e+02	3.409990e-08	2.411227e-08	2.411227e-08
8.400000e+02	8.800000e+02	3.409990e-08	2.411227e-08	2.411227e-08
8.800000e+02	9.200000e+02	0.000000e+00	0.000000e+00	0.000000e+00
9.200000e+02	9.600000e+02	0.000000e+00	0.000000e+00	0.000000e+00
9.600000e+02	1.000000e+03	0.000000e+00	0.000000e+00	0.000000e+00
# END HISTO1D

