# BEGIN PLOT
LegendOnly=//nfs/dust/atlas/group/top/BS4Tops/r21/atlas-run3-multitops-bsm-joboptions/output/100011_13000GeV_267716/Rivet.yoda.gz/tttt_ttH/Inclusive_mH1100 //nfs/dust/atlas/group/top/BS4Tops/r21/atlas-run3-multitops-bsm-joboptions/output/100022_13000GeV_353862/Rivet.yoda.gz/tttt_ttH/Inclusive_mH1100
DrawOnly=//nfs/dust/atlas/group/top/BS4Tops/r21/atlas-run3-multitops-bsm-joboptions/output/100011_13000GeV_267716/Rivet.yoda.gz/tttt_ttH/Inclusive_mH1100 //nfs/dust/atlas/group/top/BS4Tops/r21/atlas-run3-multitops-bsm-joboptions/output/100022_13000GeV_353862/Rivet.yoda.gz/tttt_ttH/Inclusive_mH1100
RatioPlotReference=//nfs/dust/atlas/group/top/BS4Tops/r21/atlas-run3-multitops-bsm-joboptions/output/100011_13000GeV_267716/Rivet.yoda.gz/tttt_ttH/Inclusive_mH1100
RatioPlot=1
LogY=1
RatioPlotYLabel=Ratio
Legend=1
# END PLOT

# BEGIN HISTO1D //nfs/dust/atlas/group/top/BS4Tops/r21/atlas-run3-multitops-bsm-joboptions/output/100011_13000GeV_267716/Rivet.yoda.gz/tttt_ttH/Inclusive_mH1100
ErrorBars=1
LineColor=red
LineStyle=solid
Path=//nfs/dust/atlas/group/top/BS4Tops/r21/atlas-run3-multitops-bsm-joboptions/output/100011_13000GeV_267716/Rivet.yoda.gz/tttt_ttH/Inclusive_mH1100
ScaledBy=9.99999999999890679e-05
Title=ttH(tt) 2.1 TeV
# xlow	 xhigh	 val	 errminus	 errplus
1.000000e+03	1.010000e+03	1.071018e-08	2.765357e-09	2.765357e-09
1.010000e+03	1.020000e+03	9.282157e-09	2.574407e-09	2.574407e-09
1.020000e+03	1.030000e+03	9.282157e-09	2.574407e-09	2.574407e-09
1.030000e+03	1.040000e+03	1.499425e-08	3.272015e-09	3.272015e-09
1.040000e+03	1.050000e+03	9.996169e-09	2.671588e-09	2.671588e-09
1.050000e+03	1.060000e+03	7.854132e-09	2.368110e-09	2.368110e-09
1.060000e+03	1.070000e+03	5.712096e-09	2.019531e-09	2.019531e-09
1.070000e+03	1.080000e+03	1.213820e-08	2.943947e-09	2.943947e-09
1.080000e+03	1.090000e+03	1.285222e-08	3.029296e-09	3.029296e-09
1.090000e+03	1.100000e+03	6.426108e-09	2.142036e-09	2.142036e-09
1.100000e+03	1.110000e+03	1.213820e-08	2.943947e-09	2.943947e-09
1.110000e+03	1.120000e+03	1.285222e-08	3.029296e-09	3.029296e-09
1.120000e+03	1.130000e+03	9.996169e-09	2.671588e-09	2.671588e-09
1.130000e+03	1.140000e+03	7.854132e-09	2.368110e-09	2.368110e-09
1.140000e+03	1.150000e+03	8.568144e-09	2.473410e-09	2.473410e-09
1.150000e+03	1.160000e+03	7.140120e-09	2.257904e-09	2.257904e-09
1.160000e+03	1.170000e+03	1.356623e-08	3.112306e-09	3.112306e-09
1.170000e+03	1.180000e+03	4.998084e-09	1.889098e-09	1.889098e-09
1.180000e+03	1.190000e+03	4.284072e-09	1.748965e-09	1.748965e-09
1.190000e+03	1.200000e+03	7.140120e-09	2.257904e-09	2.257904e-09
# END HISTO1D


# BEGIN HISTO1D //nfs/dust/atlas/group/top/BS4Tops/r21/atlas-run3-multitops-bsm-joboptions/output/100022_13000GeV_353862/Rivet.yoda.gz/tttt_ttH/Inclusive_mH1100
ErrorBars=1
LineColor=blue
LineStyle=solid
Path=//nfs/dust/atlas/group/top/BS4Tops/r21/atlas-run3-multitops-bsm-joboptions/output/100022_13000GeV_353862/Rivet.yoda.gz/tttt_ttH/Inclusive_mH1100
ScaledBy=9.99999999999971859e-05
Title=SM tttt (LO)
# xlow	 xhigh	 val	 errminus	 errplus
1.000000e+03	1.010000e+03	0.000000e+00	0.000000e+00	0.000000e+00
1.010000e+03	1.020000e+03	0.000000e+00	0.000000e+00	0.000000e+00
1.020000e+03	1.030000e+03	0.000000e+00	0.000000e+00	0.000000e+00
1.030000e+03	1.040000e+03	0.000000e+00	0.000000e+00	0.000000e+00
1.040000e+03	1.050000e+03	0.000000e+00	0.000000e+00	0.000000e+00
1.050000e+03	1.060000e+03	0.000000e+00	0.000000e+00	0.000000e+00
1.060000e+03	1.070000e+03	0.000000e+00	0.000000e+00	0.000000e+00
1.070000e+03	1.080000e+03	0.000000e+00	0.000000e+00	0.000000e+00
1.080000e+03	1.090000e+03	0.000000e+00	0.000000e+00	0.000000e+00
1.090000e+03	1.100000e+03	0.000000e+00	0.000000e+00	0.000000e+00
1.100000e+03	1.110000e+03	0.000000e+00	0.000000e+00	0.000000e+00
1.110000e+03	1.120000e+03	0.000000e+00	0.000000e+00	0.000000e+00
1.120000e+03	1.130000e+03	0.000000e+00	0.000000e+00	0.000000e+00
1.130000e+03	1.140000e+03	0.000000e+00	0.000000e+00	0.000000e+00
1.140000e+03	1.150000e+03	0.000000e+00	0.000000e+00	0.000000e+00
1.150000e+03	1.160000e+03	0.000000e+00	0.000000e+00	0.000000e+00
1.160000e+03	1.170000e+03	0.000000e+00	0.000000e+00	0.000000e+00
1.170000e+03	1.180000e+03	0.000000e+00	0.000000e+00	0.000000e+00
1.180000e+03	1.190000e+03	0.000000e+00	0.000000e+00	0.000000e+00
1.190000e+03	1.200000e+03	0.000000e+00	0.000000e+00	0.000000e+00
# END HISTO1D

