# BEGIN PLOT
LegendOnly=//nfs/dust/atlas/group/top/BS4Tops/r21/atlas-run3-multitops-bsm-joboptions/output/100011_13000GeV_267716/Rivet.yoda.gz/tttt_ttH/Inclusive_mTop1_zoomin //nfs/dust/atlas/group/top/BS4Tops/r21/atlas-run3-multitops-bsm-joboptions/output/100022_13000GeV_353862/Rivet.yoda.gz/tttt_ttH/Inclusive_mTop1_zoomin
DrawOnly=//nfs/dust/atlas/group/top/BS4Tops/r21/atlas-run3-multitops-bsm-joboptions/output/100011_13000GeV_267716/Rivet.yoda.gz/tttt_ttH/Inclusive_mTop1_zoomin //nfs/dust/atlas/group/top/BS4Tops/r21/atlas-run3-multitops-bsm-joboptions/output/100022_13000GeV_353862/Rivet.yoda.gz/tttt_ttH/Inclusive_mTop1_zoomin
RatioPlotReference=//nfs/dust/atlas/group/top/BS4Tops/r21/atlas-run3-multitops-bsm-joboptions/output/100011_13000GeV_267716/Rivet.yoda.gz/tttt_ttH/Inclusive_mTop1_zoomin
RatioPlot=1
LogY=1
RatioPlotYLabel=Ratio
Legend=1
# END PLOT

# BEGIN HISTO1D //nfs/dust/atlas/group/top/BS4Tops/r21/atlas-run3-multitops-bsm-joboptions/output/100011_13000GeV_267716/Rivet.yoda.gz/tttt_ttH/Inclusive_mTop1_zoomin
ErrorBars=1
LineColor=red
LineStyle=solid
Path=//nfs/dust/atlas/group/top/BS4Tops/r21/atlas-run3-multitops-bsm-joboptions/output/100011_13000GeV_267716/Rivet.yoda.gz/tttt_ttH/Inclusive_mTop1_zoomin
ScaledBy=9.99999999999890679e-05
Title=ttH(tt) 2.1 TeV
# xlow	 xhigh	 val	 errminus	 errplus
1.650000e+02	1.652500e+02	3.427258e-07	9.893641e-08	9.893641e-08
1.652500e+02	1.655000e+02	3.427258e-07	9.893641e-08	9.893641e-08
1.655000e+02	1.657500e+02	5.140888e-07	1.211719e-07	1.211719e-07
1.657500e+02	1.660000e+02	3.141653e-07	9.472440e-08	9.472440e-08
1.660000e+02	1.662500e+02	4.855280e-07	1.177579e-07	1.177579e-07
1.662500e+02	1.665000e+02	4.569676e-07	1.142419e-07	1.142419e-07
1.665000e+02	1.667500e+02	4.855280e-07	1.177579e-07	1.177579e-07
1.667500e+02	1.670000e+02	6.283304e-07	1.339605e-07	1.339605e-07
1.670000e+02	1.672500e+02	5.712096e-07	1.277263e-07	1.277263e-07
1.672500e+02	1.675000e+02	6.854516e-07	1.399172e-07	1.399172e-07
1.675000e+02	1.677500e+02	7.140120e-07	1.428024e-07	1.428024e-07
1.677500e+02	1.680000e+02	1.085298e-06	1.760586e-07	1.760586e-07
1.680000e+02	1.682500e+02	7.140120e-07	1.428024e-07	1.428024e-07
1.682500e+02	1.685000e+02	1.056738e-06	1.737266e-07	1.737266e-07
1.685000e+02	1.687500e+02	1.285222e-06	1.915895e-07	1.915895e-07
1.687500e+02	1.690000e+02	1.542266e-06	2.098758e-07	2.098758e-07
1.690000e+02	1.692500e+02	2.399080e-06	2.617611e-07	2.617611e-07
1.692500e+02	1.695000e+02	1.827871e-06	2.284838e-07	2.284838e-07
1.695000e+02	1.697500e+02	2.684685e-06	2.769041e-07	2.769041e-07
1.697500e+02	1.700000e+02	3.570060e-06	3.193159e-07	3.193159e-07
1.700000e+02	1.702500e+02	4.655360e-06	3.646358e-07	3.646358e-07
1.702500e+02	1.705000e+02	5.512172e-06	3.967749e-07	3.967749e-07
1.705000e+02	1.707500e+02	7.025880e-06	4.479536e-07	4.479536e-07
1.707500e+02	1.710000e+02	9.653444e-06	5.250781e-07	5.250781e-07
1.710000e+02	1.712500e+02	1.290934e-05	6.072042e-07	6.072042e-07
1.712500e+02	1.715000e+02	1.879280e-05	7.326195e-07	7.326195e-07
1.715000e+02	1.717500e+02	2.427641e-05	8.326740e-07	8.326740e-07
1.717500e+02	1.720000e+02	2.844624e-05	9.013536e-07	9.013536e-07
1.720000e+02	1.722500e+02	2.790359e-05	8.927150e-07	8.927150e-07
1.722500e+02	1.725000e+02	2.581868e-05	8.587163e-07	8.587163e-07
1.725000e+02	1.727500e+02	1.856431e-05	7.281523e-07	7.281523e-07
1.727500e+02	1.730000e+02	1.313782e-05	6.125541e-07	6.125541e-07
1.730000e+02	1.732500e+02	9.796244e-06	5.289475e-07	5.289475e-07
1.732500e+02	1.735000e+02	7.597088e-06	4.658073e-07	4.658073e-07
1.735000e+02	1.737500e+02	5.769216e-06	4.059208e-07	4.059208e-07
1.737500e+02	1.740000e+02	4.141268e-06	3.439137e-07	3.439137e-07
1.740000e+02	1.742500e+02	3.741423e-06	3.268897e-07	3.268897e-07
1.742500e+02	1.745000e+02	3.313016e-06	3.076058e-07	3.076058e-07
1.745000e+02	1.747500e+02	2.970290e-06	2.912609e-07	2.912609e-07
1.747500e+02	1.750000e+02	2.199157e-06	2.506172e-07	2.506172e-07
# END HISTO1D


# BEGIN HISTO1D //nfs/dust/atlas/group/top/BS4Tops/r21/atlas-run3-multitops-bsm-joboptions/output/100022_13000GeV_353862/Rivet.yoda.gz/tttt_ttH/Inclusive_mTop1_zoomin
ErrorBars=1
LineColor=blue
LineStyle=solid
Path=//nfs/dust/atlas/group/top/BS4Tops/r21/atlas-run3-multitops-bsm-joboptions/output/100022_13000GeV_353862/Rivet.yoda.gz/tttt_ttH/Inclusive_mTop1_zoomin
ScaledBy=9.99999999999971859e-05
Title=SM tttt (LO)
# xlow	 xhigh	 val	 errminus	 errplus
1.650000e+02	1.652500e+02	2.455192e-05	8.183975e-06	8.183975e-06
1.652500e+02	1.655000e+02	2.727992e-05	8.626667e-06	8.626667e-06
1.655000e+02	1.657500e+02	2.455192e-05	8.183975e-06	8.183975e-06
1.657500e+02	1.660000e+02	1.909594e-05	7.217587e-06	7.217587e-06
1.660000e+02	1.662500e+02	3.546389e-05	9.835913e-06	9.835913e-06
1.662500e+02	1.665000e+02	4.910384e-05	1.157389e-05	1.157389e-05
1.665000e+02	1.667500e+02	4.091988e-05	1.056547e-05	1.056547e-05
1.667500e+02	1.670000e+02	5.728784e-05	1.250123e-05	1.250123e-05
1.670000e+02	1.672500e+02	6.274380e-05	1.308298e-05	1.308298e-05
1.672500e+02	1.675000e+02	7.092776e-05	1.391008e-05	1.391008e-05
1.675000e+02	1.677500e+02	6.274380e-05	1.308298e-05	1.308298e-05
1.677500e+02	1.680000e+02	8.183976e-05	1.494182e-05	1.494182e-05
1.680000e+02	1.682500e+02	7.365576e-05	1.417506e-05	1.417506e-05
1.682500e+02	1.685000e+02	6.274380e-05	1.308298e-05	1.308298e-05
1.685000e+02	1.687500e+02	1.036637e-04	1.681647e-05	1.681647e-05
1.687500e+02	1.690000e+02	1.363996e-04	1.928981e-05	1.928981e-05
1.690000e+02	1.692500e+02	1.309436e-04	1.890008e-05	1.890008e-05
1.692500e+02	1.695000e+02	1.582235e-04	2.077576e-05	2.077576e-05
1.695000e+02	1.697500e+02	1.473115e-04	2.004656e-05	2.004656e-05
1.697500e+02	1.700000e+02	1.991434e-04	2.330797e-05	2.330797e-05
1.700000e+02	1.702500e+02	2.400632e-04	2.559083e-05	2.559083e-05
1.702500e+02	1.705000e+02	3.028070e-04	2.874117e-05	2.874117e-05
1.705000e+02	1.707500e+02	4.337508e-04	3.439866e-05	3.439866e-05
1.707500e+02	1.710000e+02	4.910384e-04	3.659984e-05	3.659984e-05
1.710000e+02	1.712500e+02	6.819980e-04	4.313334e-05	4.313334e-05
1.712500e+02	1.715000e+02	8.647732e-04	4.857051e-05	4.857051e-05
1.715000e+02	1.717500e+02	1.238508e-03	5.812607e-05	5.812607e-05
1.717500e+02	1.720000e+02	1.735002e-03	6.879733e-05	6.879733e-05
1.720000e+02	1.722500e+02	2.299697e-03	7.920577e-05	7.920577e-05
1.722500e+02	1.725000e+02	2.888943e-03	8.877506e-05	8.877506e-05
1.725000e+02	1.727500e+02	3.033526e-03	9.096941e-05	9.096941e-05
1.727500e+02	1.730000e+02	2.433368e-03	8.147520e-05	8.147520e-05
1.730000e+02	1.732500e+02	1.767738e-03	6.944333e-05	6.944333e-05
1.732500e+02	1.735000e+02	1.303980e-03	5.964266e-05	5.964266e-05
1.735000e+02	1.737500e+02	9.629808e-04	5.125430e-05	5.125430e-05
1.737500e+02	1.740000e+02	6.165260e-04	4.101071e-05	4.101071e-05
1.740000e+02	1.742500e+02	5.428704e-04	3.848306e-05	3.848306e-05
1.742500e+02	1.745000e+02	4.119268e-04	3.352212e-05	3.352212e-05
1.745000e+02	1.747500e+02	3.355430e-04	3.025489e-05	3.025489e-05
1.747500e+02	1.750000e+02	2.618872e-04	2.672875e-05	2.672875e-05
# END HISTO1D

