# BEGIN PLOT
LegendOnly=//nfs/dust/atlas/group/top/BS4Tops/r21/atlas-run3-multitops-bsm-joboptions/output/100011_13000GeV_267716/Rivet.yoda.gz/tttt_ttH/Inclusive_mTop4_zoomin //nfs/dust/atlas/group/top/BS4Tops/r21/atlas-run3-multitops-bsm-joboptions/output/100022_13000GeV_353862/Rivet.yoda.gz/tttt_ttH/Inclusive_mTop4_zoomin
DrawOnly=//nfs/dust/atlas/group/top/BS4Tops/r21/atlas-run3-multitops-bsm-joboptions/output/100011_13000GeV_267716/Rivet.yoda.gz/tttt_ttH/Inclusive_mTop4_zoomin //nfs/dust/atlas/group/top/BS4Tops/r21/atlas-run3-multitops-bsm-joboptions/output/100022_13000GeV_353862/Rivet.yoda.gz/tttt_ttH/Inclusive_mTop4_zoomin
RatioPlotReference=//nfs/dust/atlas/group/top/BS4Tops/r21/atlas-run3-multitops-bsm-joboptions/output/100011_13000GeV_267716/Rivet.yoda.gz/tttt_ttH/Inclusive_mTop4_zoomin
RatioPlot=1
LogY=1
RatioPlotYLabel=Ratio
Legend=1
# END PLOT

# BEGIN HISTO1D //nfs/dust/atlas/group/top/BS4Tops/r21/atlas-run3-multitops-bsm-joboptions/output/100011_13000GeV_267716/Rivet.yoda.gz/tttt_ttH/Inclusive_mTop4_zoomin
ErrorBars=1
LineColor=red
LineStyle=solid
Path=//nfs/dust/atlas/group/top/BS4Tops/r21/atlas-run3-multitops-bsm-joboptions/output/100011_13000GeV_267716/Rivet.yoda.gz/tttt_ttH/Inclusive_mTop4_zoomin
ScaledBy=9.99999999999890679e-05
Title=ttH(tt) 2.1 TeV
# xlow	 xhigh	 val	 errminus	 errplus
1.650000e+02	1.652500e+02	4.569676e-07	1.142419e-07	1.142419e-07
1.652500e+02	1.655000e+02	3.141653e-07	9.472440e-08	9.472440e-08
1.655000e+02	1.657500e+02	5.140888e-07	1.211719e-07	1.211719e-07
1.657500e+02	1.660000e+02	3.998468e-07	1.068635e-07	1.068635e-07
1.660000e+02	1.662500e+02	3.712863e-07	1.029763e-07	1.029763e-07
1.662500e+02	1.665000e+02	6.854516e-07	1.399172e-07	1.399172e-07
1.665000e+02	1.667500e+02	4.855280e-07	1.177579e-07	1.177579e-07
1.667500e+02	1.670000e+02	5.712096e-07	1.277263e-07	1.277263e-07
1.670000e+02	1.672500e+02	5.712096e-07	1.277263e-07	1.277263e-07
1.672500e+02	1.675000e+02	8.282540e-07	1.538029e-07	1.538029e-07
1.675000e+02	1.677500e+02	9.139356e-07	1.615625e-07	1.615625e-07
1.677500e+02	1.680000e+02	7.711332e-07	1.484046e-07	1.484046e-07
1.680000e+02	1.682500e+02	1.028177e-06	1.713629e-07	1.713629e-07
1.682500e+02	1.685000e+02	1.228101e-06	1.872836e-07	1.872836e-07
1.685000e+02	1.687500e+02	1.399464e-06	1.999234e-07	1.999234e-07
1.687500e+02	1.690000e+02	1.513706e-06	2.079234e-07	2.079234e-07
1.690000e+02	1.692500e+02	1.742189e-06	2.230645e-07	2.230645e-07
1.692500e+02	1.695000e+02	2.142036e-06	2.473410e-07	2.473410e-07
1.695000e+02	1.697500e+02	2.313399e-06	2.570443e-07	2.570443e-07
1.697500e+02	1.700000e+02	3.284455e-06	3.062771e-07	3.062771e-07
1.700000e+02	1.702500e+02	4.398316e-06	3.544263e-07	3.544263e-07
1.702500e+02	1.705000e+02	5.140888e-06	3.831791e-07	3.831791e-07
1.705000e+02	1.707500e+02	7.111560e-06	4.506768e-07	4.506768e-07
1.707500e+02	1.710000e+02	8.539584e-06	4.938568e-07	4.938568e-07
1.710000e+02	1.712500e+02	1.299502e-05	6.092159e-07	6.092159e-07
1.712500e+02	1.715000e+02	1.845007e-05	7.259083e-07	7.259083e-07
1.715000e+02	1.717500e+02	2.507610e-05	8.462775e-07	8.462775e-07
1.717500e+02	1.720000e+02	2.878896e-05	9.067672e-07	9.067672e-07
1.720000e+02	1.722500e+02	3.035979e-05	9.311768e-07	9.311768e-07
1.722500e+02	1.725000e+02	2.530459e-05	8.501242e-07	8.501242e-07
1.725000e+02	1.727500e+02	1.922120e-05	7.409230e-07	7.409230e-07
1.727500e+02	1.730000e+02	1.290934e-05	6.072042e-07	6.072042e-07
1.730000e+02	1.732500e+02	1.076730e-05	5.545443e-07	5.545443e-07
1.732500e+02	1.735000e+02	7.083000e-06	4.497710e-07	4.497710e-07
1.735000e+02	1.737500e+02	5.597856e-06	3.998468e-07	3.998468e-07
1.737500e+02	1.740000e+02	4.112708e-06	3.427258e-07	3.427258e-07
1.740000e+02	1.742500e+02	3.998468e-06	3.379322e-07	3.379322e-07
1.742500e+02	1.745000e+02	2.941730e-06	2.898572e-07	2.898572e-07
1.745000e+02	1.747500e+02	2.284838e-06	2.554527e-07	2.554527e-07
1.747500e+02	1.750000e+02	2.170597e-06	2.489845e-07	2.489845e-07
# END HISTO1D


# BEGIN HISTO1D //nfs/dust/atlas/group/top/BS4Tops/r21/atlas-run3-multitops-bsm-joboptions/output/100022_13000GeV_353862/Rivet.yoda.gz/tttt_ttH/Inclusive_mTop4_zoomin
ErrorBars=1
LineColor=blue
LineStyle=solid
Path=//nfs/dust/atlas/group/top/BS4Tops/r21/atlas-run3-multitops-bsm-joboptions/output/100022_13000GeV_353862/Rivet.yoda.gz/tttt_ttH/Inclusive_mTop4_zoomin
ScaledBy=9.99999999999971859e-05
Title=SM tttt (LO)
# xlow	 xhigh	 val	 errminus	 errplus
1.650000e+02	1.652500e+02	1.636795e-05	6.682186e-06	6.682186e-06
1.652500e+02	1.655000e+02	3.546389e-05	9.835913e-06	9.835913e-06
1.655000e+02	1.657500e+02	1.363996e-05	6.099974e-06	6.099974e-06
1.657500e+02	1.660000e+02	2.182393e-05	7.715925e-06	7.715925e-06
1.660000e+02	1.662500e+02	4.364788e-05	1.091197e-05	1.091197e-05
1.662500e+02	1.665000e+02	4.091988e-05	1.056547e-05	1.056547e-05
1.665000e+02	1.667500e+02	3.273590e-05	9.450040e-06	9.450040e-06
1.667500e+02	1.670000e+02	2.182393e-05	7.715925e-06	7.715925e-06
1.670000e+02	1.672500e+02	4.910384e-05	1.157389e-05	1.157389e-05
1.672500e+02	1.675000e+02	4.910384e-05	1.157389e-05	1.157389e-05
1.675000e+02	1.677500e+02	4.637584e-05	1.124780e-05	1.124780e-05
1.677500e+02	1.680000e+02	5.455984e-05	1.219995e-05	1.219995e-05
1.680000e+02	1.682500e+02	6.001580e-05	1.279541e-05	1.279541e-05
1.682500e+02	1.685000e+02	7.365576e-05	1.417506e-05	1.417506e-05
1.685000e+02	1.687500e+02	8.729572e-05	1.543185e-05	1.543185e-05
1.687500e+02	1.690000e+02	1.063917e-04	1.703630e-05	1.703630e-05
1.690000e+02	1.692500e+02	1.391276e-04	1.948176e-05	1.948176e-05
1.692500e+02	1.695000e+02	1.445836e-04	1.986008e-05	1.986008e-05
1.695000e+02	1.697500e+02	1.473115e-04	2.004656e-05	2.004656e-05
1.697500e+02	1.700000e+02	1.691355e-04	2.148023e-05	2.148023e-05
1.700000e+02	1.702500e+02	2.346073e-04	2.529835e-05	2.529835e-05
1.702500e+02	1.705000e+02	2.618872e-04	2.672875e-05	2.672875e-05
1.705000e+02	1.707500e+02	4.173828e-04	3.374339e-05	3.374339e-05
1.707500e+02	1.710000e+02	4.610304e-04	3.546389e-05	3.546389e-05
1.710000e+02	1.712500e+02	6.792700e-04	4.304697e-05	4.304697e-05
1.712500e+02	1.715000e+02	8.865972e-04	4.917957e-05	4.917957e-05
1.715000e+02	1.717500e+02	1.276700e-03	5.901548e-05	5.901548e-05
1.717500e+02	1.720000e+02	1.835938e-03	7.077022e-05	7.077022e-05
1.720000e+02	1.722500e+02	2.477016e-03	8.220267e-05	8.220267e-05
1.722500e+02	1.725000e+02	3.118094e-03	9.222871e-05	9.222871e-05
1.725000e+02	1.727500e+02	2.689800e-03	8.566067e-05	8.566067e-05
1.727500e+02	1.730000e+02	2.381536e-03	8.060280e-05	8.060280e-05
1.730000e+02	1.732500e+02	1.923234e-03	7.243319e-05	7.243319e-05
1.732500e+02	1.735000e+02	1.363996e-03	6.099974e-05	6.099974e-05
1.735000e+02	1.737500e+02	8.156696e-04	4.717138e-05	4.717138e-05
1.737500e+02	1.740000e+02	6.710860e-04	4.278688e-05	4.278688e-05
1.740000e+02	1.742500e+02	4.937664e-04	3.670137e-05	3.670137e-05
1.742500e+02	1.745000e+02	4.310228e-04	3.429032e-05	3.429032e-05
1.745000e+02	1.747500e+02	3.409989e-04	3.049987e-05	3.049987e-05
1.747500e+02	1.750000e+02	2.482472e-04	2.602338e-05	2.602338e-05
# END HISTO1D

