# BEGIN PLOT
LegendOnly=//nfs/dust/atlas/group/top/BS4Tops/r21/atlas-run3-multitops-bsm-joboptions/output/100015_13000GeV_270837/Rivet.yoda.gz/tttt_ttH_1LOS/Inclusive_mu0Pt_15GeV_2 //nfs/dust/atlas/group/top/BS4Tops/r21/atlas-run3-multitops-bsm-joboptions/output/100022_13000GeV_353862/Rivet.yoda.gz/tttt_ttH_1LOS/Inclusive_mu0Pt_15GeV_2
DrawOnly=//nfs/dust/atlas/group/top/BS4Tops/r21/atlas-run3-multitops-bsm-joboptions/output/100015_13000GeV_270837/Rivet.yoda.gz/tttt_ttH_1LOS/Inclusive_mu0Pt_15GeV_2 //nfs/dust/atlas/group/top/BS4Tops/r21/atlas-run3-multitops-bsm-joboptions/output/100022_13000GeV_353862/Rivet.yoda.gz/tttt_ttH_1LOS/Inclusive_mu0Pt_15GeV_2
RatioPlotReference=//nfs/dust/atlas/group/top/BS4Tops/r21/atlas-run3-multitops-bsm-joboptions/output/100015_13000GeV_270837/Rivet.yoda.gz/tttt_ttH_1LOS/Inclusive_mu0Pt_15GeV_2
RatioPlot=1
LogY=1
RatioPlotYLabel=Ratio
Legend=1
# END PLOT

# BEGIN HISTO1D //nfs/dust/atlas/group/top/BS4Tops/r21/atlas-run3-multitops-bsm-joboptions/output/100015_13000GeV_270837/Rivet.yoda.gz/tttt_ttH_1LOS/Inclusive_mu0Pt_15GeV_2
ErrorBars=1
LineColor=red
LineStyle=solid
Path=//nfs/dust/atlas/group/top/BS4Tops/r21/atlas-run3-multitops-bsm-joboptions/output/100015_13000GeV_270837/Rivet.yoda.gz/tttt_ttH_1LOS/Inclusive_mu0Pt_15GeV_2
ScaledBy=1.00000000000009315e-04
Title=ttH(tt) 2.5 TeV
# xlow	 xhigh	 val	 errminus	 errplus
0.000000e+00	3.000000e+01	4.716403e-08	1.973754e-09	1.973754e-09
3.000000e+01	6.000000e+01	8.730717e-08	2.685421e-09	2.685421e-09
6.000000e+01	9.000000e+01	5.649773e-08	2.160245e-09	2.160245e-09
9.000000e+01	1.200000e+02	4.088653e-08	1.837712e-09	1.837712e-09
1.200000e+02	1.500000e+02	3.064424e-08	1.590970e-09	1.590970e-09
1.500000e+02	1.800000e+02	2.411892e-08	1.411453e-09	1.411453e-09
1.800000e+02	2.100000e+02	1.618941e-08	1.156386e-09	1.156386e-09
2.100000e+02	2.400000e+02	1.329844e-08	1.048064e-09	1.048064e-09
2.400000e+02	2.700000e+02	1.057268e-08	9.345013e-10	9.345013e-10
2.700000e+02	3.000000e+02	8.672897e-09	8.463881e-10	8.463881e-10
3.000000e+02	3.300000e+02	8.507700e-09	8.382885e-10	8.382885e-10
3.300000e+02	3.600000e+02	5.038540e-09	6.451190e-10	6.451190e-10
3.600000e+02	3.900000e+02	6.277527e-09	7.200816e-10	7.200816e-10
3.900000e+02	4.200000e+02	3.964753e-09	5.722629e-10	5.722629e-10
4.200000e+02	4.500000e+02	4.873343e-09	6.344551e-10	6.344551e-10
4.500000e+02	4.800000e+02	2.890966e-09	4.886625e-10	4.886625e-10
4.800000e+02	5.100000e+02	3.056164e-09	5.024303e-10	5.024303e-10
5.100000e+02	5.400000e+02	2.395372e-09	4.448093e-10	4.448093e-10
5.400000e+02	5.700000e+02	1.982377e-09	4.046509e-10	4.046509e-10
5.700000e+02	6.000000e+02	2.395372e-09	4.448093e-10	4.448093e-10
6.000000e+02	6.300000e+02	1.569382e-09	3.600407e-10	3.600407e-10
6.300000e+02	6.600000e+02	1.486782e-09	3.504380e-10	3.504380e-10
6.600000e+02	6.900000e+02	7.433913e-10	2.477971e-10	2.477971e-10
6.900000e+02	7.200000e+02	8.259903e-10	2.612011e-10	2.612011e-10
7.200000e+02	7.500000e+02	7.433913e-10	2.477971e-10	2.477971e-10
7.500000e+02	7.800000e+02	6.607923e-10	2.336253e-10	2.336253e-10
7.800000e+02	8.100000e+02	9.085893e-10	2.739500e-10	2.739500e-10
8.100000e+02	8.400000e+02	3.303961e-10	1.651981e-10	1.651981e-10
8.400000e+02	8.700000e+02	2.477971e-10	1.430657e-10	1.430657e-10
8.700000e+02	9.000000e+02	2.477971e-10	1.430657e-10	1.430657e-10
9.000000e+02	9.300000e+02	4.129950e-10	1.846970e-10	1.846970e-10
9.300000e+02	9.600000e+02	8.259903e-11	8.259902e-11	8.259902e-11
9.600000e+02	9.900000e+02	8.259903e-11	8.259902e-11	8.259902e-11
9.900000e+02	1.020000e+03	2.477971e-10	1.430657e-10	1.430657e-10
1.020000e+03	1.050000e+03	4.129950e-10	1.846970e-10	1.846970e-10
1.050000e+03	1.080000e+03	8.259903e-11	8.259902e-11	8.259902e-11
1.080000e+03	1.110000e+03	8.259903e-11	8.259902e-11	8.259902e-11
1.110000e+03	1.140000e+03	2.477971e-10	1.430657e-10	1.430657e-10
1.140000e+03	1.170000e+03	0.000000e+00	0.000000e+00	0.000000e+00
1.170000e+03	1.200000e+03	0.000000e+00	0.000000e+00	0.000000e+00
# END HISTO1D


# BEGIN HISTO1D //nfs/dust/atlas/group/top/BS4Tops/r21/atlas-run3-multitops-bsm-joboptions/output/100022_13000GeV_353862/Rivet.yoda.gz/tttt_ttH_1LOS/Inclusive_mu0Pt_15GeV_2
ErrorBars=1
LineColor=blue
LineStyle=solid
Path=//nfs/dust/atlas/group/top/BS4Tops/r21/atlas-run3-multitops-bsm-joboptions/output/100022_13000GeV_353862/Rivet.yoda.gz/tttt_ttH_1LOS/Inclusive_mu0Pt_15GeV_2
ScaledBy=9.99999999999971859e-05
Title=SM tttt (LO)
# xlow	 xhigh	 val	 errminus	 errplus
0.000000e+00	3.000000e+01	1.604968e-05	6.040378e-07	6.040378e-07
3.000000e+01	6.000000e+01	2.664338e-05	7.782615e-07	7.782615e-07
6.000000e+01	9.000000e+01	1.686808e-05	6.192467e-07	6.192467e-07
9.000000e+01	1.200000e+02	9.934437e-06	4.752285e-07	4.752285e-07
1.200000e+02	1.500000e+02	6.024313e-06	3.700707e-07	3.700707e-07
1.500000e+02	1.800000e+02	3.409990e-06	2.784245e-07	2.784245e-07
1.800000e+02	2.100000e+02	1.750461e-06	1.994836e-07	1.994836e-07
2.100000e+02	2.400000e+02	1.363996e-06	1.760911e-07	1.760911e-07
2.400000e+02	2.700000e+02	6.137980e-07	1.181255e-07	1.181255e-07
2.700000e+02	3.000000e+02	6.365313e-07	1.202931e-07	1.202931e-07
3.000000e+02	3.300000e+02	3.182657e-07	8.506008e-08	8.506008e-08
3.300000e+02	3.600000e+02	2.273326e-07	7.188889e-08	7.188889e-08
3.600000e+02	3.900000e+02	3.182657e-07	8.506008e-08	8.506008e-08
3.900000e+02	4.200000e+02	6.819980e-08	3.937516e-08	3.937516e-08
4.200000e+02	4.500000e+02	0.000000e+00	0.000000e+00	0.000000e+00
4.500000e+02	4.800000e+02	1.136663e-07	5.083311e-08	5.083311e-08
4.800000e+02	5.100000e+02	0.000000e+00	0.000000e+00	0.000000e+00
5.100000e+02	5.400000e+02	0.000000e+00	0.000000e+00	0.000000e+00
5.400000e+02	5.700000e+02	0.000000e+00	0.000000e+00	0.000000e+00
5.700000e+02	6.000000e+02	0.000000e+00	0.000000e+00	0.000000e+00
6.000000e+02	6.300000e+02	0.000000e+00	0.000000e+00	0.000000e+00
6.300000e+02	6.600000e+02	0.000000e+00	0.000000e+00	0.000000e+00
6.600000e+02	6.900000e+02	0.000000e+00	0.000000e+00	0.000000e+00
6.900000e+02	7.200000e+02	0.000000e+00	0.000000e+00	0.000000e+00
7.200000e+02	7.500000e+02	2.273326e-08	2.273326e-08	2.273326e-08
7.500000e+02	7.800000e+02	0.000000e+00	0.000000e+00	0.000000e+00
7.800000e+02	8.100000e+02	0.000000e+00	0.000000e+00	0.000000e+00
8.100000e+02	8.400000e+02	0.000000e+00	0.000000e+00	0.000000e+00
8.400000e+02	8.700000e+02	0.000000e+00	0.000000e+00	0.000000e+00
8.700000e+02	9.000000e+02	0.000000e+00	0.000000e+00	0.000000e+00
9.000000e+02	9.300000e+02	0.000000e+00	0.000000e+00	0.000000e+00
9.300000e+02	9.600000e+02	0.000000e+00	0.000000e+00	0.000000e+00
9.600000e+02	9.900000e+02	0.000000e+00	0.000000e+00	0.000000e+00
9.900000e+02	1.020000e+03	0.000000e+00	0.000000e+00	0.000000e+00
1.020000e+03	1.050000e+03	0.000000e+00	0.000000e+00	0.000000e+00
1.050000e+03	1.080000e+03	0.000000e+00	0.000000e+00	0.000000e+00
1.080000e+03	1.110000e+03	0.000000e+00	0.000000e+00	0.000000e+00
1.110000e+03	1.140000e+03	0.000000e+00	0.000000e+00	0.000000e+00
1.140000e+03	1.170000e+03	0.000000e+00	0.000000e+00	0.000000e+00
1.170000e+03	1.200000e+03	0.000000e+00	0.000000e+00	0.000000e+00
# END HISTO1D

