# BEGIN PLOT
LegendOnly=//nfs/dust/atlas/group/top/BS4Tops/r21/atlas-run3-multitops-bsm-joboptions/output/100015_13000GeV_270837/Rivet.yoda.gz/tttt_ttH/Inclusive_mTop3 //nfs/dust/atlas/group/top/BS4Tops/r21/atlas-run3-multitops-bsm-joboptions/output/100022_13000GeV_353862/Rivet.yoda.gz/tttt_ttH/Inclusive_mTop3
DrawOnly=//nfs/dust/atlas/group/top/BS4Tops/r21/atlas-run3-multitops-bsm-joboptions/output/100015_13000GeV_270837/Rivet.yoda.gz/tttt_ttH/Inclusive_mTop3 //nfs/dust/atlas/group/top/BS4Tops/r21/atlas-run3-multitops-bsm-joboptions/output/100022_13000GeV_353862/Rivet.yoda.gz/tttt_ttH/Inclusive_mTop3
RatioPlotReference=//nfs/dust/atlas/group/top/BS4Tops/r21/atlas-run3-multitops-bsm-joboptions/output/100015_13000GeV_270837/Rivet.yoda.gz/tttt_ttH/Inclusive_mTop3
RatioPlot=1
LogY=1
RatioPlotYLabel=Ratio
Legend=1
# END PLOT

# BEGIN HISTO1D //nfs/dust/atlas/group/top/BS4Tops/r21/atlas-run3-multitops-bsm-joboptions/output/100015_13000GeV_270837/Rivet.yoda.gz/tttt_ttH/Inclusive_mTop3
ErrorBars=1
LineColor=red
LineStyle=solid
Path=//nfs/dust/atlas/group/top/BS4Tops/r21/atlas-run3-multitops-bsm-joboptions/output/100015_13000GeV_270837/Rivet.yoda.gz/tttt_ttH/Inclusive_mTop3
ScaledBy=1.00000000000009315e-04
Title=ttH(tt) 2.5 TeV
# xlow	 xhigh	 val	 errminus	 errplus
1.500000e+02	1.520000e+02	4.955942e-09	2.477971e-09	2.477971e-09
1.520000e+02	1.540000e+02	1.115087e-08	3.716956e-09	3.716956e-09
1.540000e+02	1.560000e+02	1.238986e-08	3.918016e-09	3.918016e-09
1.560000e+02	1.580000e+02	2.601870e-08	5.677744e-09	5.677744e-09
1.580000e+02	1.600000e+02	2.230173e-08	5.256570e-09	5.256570e-09
1.600000e+02	1.620000e+02	3.469159e-08	6.556094e-09	6.556094e-09
1.620000e+02	1.640000e+02	4.336449e-08	7.329937e-09	7.329937e-09
1.640000e+02	1.660000e+02	1.053138e-07	1.142288e-08	1.142288e-08
1.660000e+02	1.680000e+02	2.341682e-07	1.703323e-08	1.703323e-08
1.680000e+02	1.700000e+02	6.925930e-07	2.929356e-08	2.929356e-08
1.700000e+02	1.720000e+02	4.901426e-06	7.792814e-08	7.792814e-08
1.720000e+02	1.740000e+02	4.900188e-06	7.791829e-08	7.791829e-08
1.740000e+02	1.760000e+02	6.752470e-07	2.892441e-08	2.892441e-08
1.760000e+02	1.780000e+02	2.676209e-07	1.820929e-08	1.820929e-08
1.780000e+02	1.800000e+02	1.536342e-07	1.379676e-08	1.379676e-08
1.800000e+02	1.820000e+02	8.425100e-08	1.021694e-08	1.021694e-08
1.820000e+02	1.840000e+02	5.079840e-08	7.933377e-09	7.933377e-09
1.840000e+02	1.860000e+02	4.832043e-08	7.737461e-09	7.737461e-09
1.860000e+02	1.880000e+02	3.716956e-08	6.786203e-09	6.786203e-09
1.880000e+02	1.900000e+02	2.354073e-08	5.400611e-09	5.400611e-09
1.900000e+02	1.920000e+02	1.858478e-08	4.798570e-09	4.798570e-09
1.920000e+02	1.940000e+02	2.725768e-08	5.811357e-09	5.811357e-09
1.940000e+02	1.960000e+02	7.433910e-09	3.034882e-09	3.034882e-09
1.960000e+02	1.980000e+02	0.000000e+00	0.000000e+00	0.000000e+00
1.980000e+02	2.000000e+02	0.000000e+00	0.000000e+00	0.000000e+00
# END HISTO1D


# BEGIN HISTO1D //nfs/dust/atlas/group/top/BS4Tops/r21/atlas-run3-multitops-bsm-joboptions/output/100022_13000GeV_353862/Rivet.yoda.gz/tttt_ttH/Inclusive_mTop3
ErrorBars=1
LineColor=blue
LineStyle=solid
Path=//nfs/dust/atlas/group/top/BS4Tops/r21/atlas-run3-multitops-bsm-joboptions/output/100022_13000GeV_353862/Rivet.yoda.gz/tttt_ttH/Inclusive_mTop3
ScaledBy=9.99999999999971859e-05
Title=SM tttt (LO)
# xlow	 xhigh	 val	 errminus	 errplus
1.500000e+02	1.520000e+02	2.386993e-06	9.021984e-07	9.021984e-07
1.520000e+02	1.540000e+02	4.432986e-06	1.229489e-06	1.229489e-06
1.540000e+02	1.560000e+02	3.068991e-06	1.022997e-06	1.022997e-06
1.560000e+02	1.580000e+02	5.114985e-06	1.320683e-06	1.320683e-06
1.580000e+02	1.600000e+02	4.432986e-06	1.229489e-06	1.229489e-06
1.600000e+02	1.620000e+02	9.206970e-06	1.771882e-06	1.771882e-06
1.620000e+02	1.640000e+02	1.432195e-05	2.209926e-06	2.209926e-06
1.640000e+02	1.660000e+02	2.830291e-05	3.106648e-06	3.106648e-06
1.660000e+02	1.680000e+02	3.750988e-05	3.576427e-06	3.576427e-06
1.680000e+02	1.700000e+02	1.292386e-04	6.638541e-06	6.638541e-06
1.700000e+02	1.720000e+02	7.420135e-04	1.590678e-05	1.590678e-05
1.720000e+02	1.740000e+02	1.926303e-03	2.562942e-05	2.562942e-05
1.740000e+02	1.760000e+02	2.860981e-04	9.877204e-06	9.877204e-06
1.760000e+02	1.780000e+02	9.070570e-05	5.561524e-06	5.561524e-06
1.780000e+02	1.800000e+02	4.228387e-05	3.797203e-06	3.797203e-06
1.800000e+02	1.820000e+02	2.625692e-05	2.992253e-06	2.992253e-06
1.820000e+02	1.840000e+02	1.670895e-05	2.386992e-06	2.386992e-06
1.840000e+02	1.860000e+02	1.329896e-05	2.129538e-06	2.129538e-06
1.860000e+02	1.880000e+02	7.160980e-06	1.562653e-06	1.562653e-06
1.880000e+02	1.900000e+02	7.842975e-06	1.635373e-06	1.635373e-06
1.900000e+02	1.920000e+02	6.478980e-06	1.486380e-06	1.486380e-06
1.920000e+02	1.940000e+02	4.773985e-06	1.275901e-06	1.275901e-06
1.940000e+02	1.960000e+02	2.045994e-06	8.352733e-07	8.352733e-07
1.960000e+02	1.980000e+02	0.000000e+00	0.000000e+00	0.000000e+00
1.980000e+02	2.000000e+02	0.000000e+00	0.000000e+00	0.000000e+00
# END HISTO1D

