# BEGIN PLOT
LegendOnly=//nfs/dust/atlas/group/top/BS4Tops/r21/atlas-run3-multitops-bsm-joboptions/output/100015_13000GeV_270837/Rivet.yoda.gz/tttt_ttH/Inclusive_mTop1 //nfs/dust/atlas/group/top/BS4Tops/r21/atlas-run3-multitops-bsm-joboptions/output/100022_13000GeV_353862/Rivet.yoda.gz/tttt_ttH/Inclusive_mTop1
DrawOnly=//nfs/dust/atlas/group/top/BS4Tops/r21/atlas-run3-multitops-bsm-joboptions/output/100015_13000GeV_270837/Rivet.yoda.gz/tttt_ttH/Inclusive_mTop1 //nfs/dust/atlas/group/top/BS4Tops/r21/atlas-run3-multitops-bsm-joboptions/output/100022_13000GeV_353862/Rivet.yoda.gz/tttt_ttH/Inclusive_mTop1
RatioPlotReference=//nfs/dust/atlas/group/top/BS4Tops/r21/atlas-run3-multitops-bsm-joboptions/output/100015_13000GeV_270837/Rivet.yoda.gz/tttt_ttH/Inclusive_mTop1
RatioPlot=1
LogY=1
RatioPlotYLabel=Ratio
Legend=1
# END PLOT

# BEGIN HISTO1D //nfs/dust/atlas/group/top/BS4Tops/r21/atlas-run3-multitops-bsm-joboptions/output/100015_13000GeV_270837/Rivet.yoda.gz/tttt_ttH/Inclusive_mTop1
ErrorBars=1
LineColor=red
LineStyle=solid
Path=//nfs/dust/atlas/group/top/BS4Tops/r21/atlas-run3-multitops-bsm-joboptions/output/100015_13000GeV_270837/Rivet.yoda.gz/tttt_ttH/Inclusive_mTop1
ScaledBy=1.00000000000009315e-04
Title=ttH(tt) 2.5 TeV
# xlow	 xhigh	 val	 errminus	 errplus
1.500000e+02	1.520000e+02	9.911885e-09	3.504380e-09	3.504380e-09
1.520000e+02	1.540000e+02	1.734579e-08	4.635859e-09	4.635859e-09
1.540000e+02	1.560000e+02	1.486782e-08	4.291971e-09	4.291971e-09
1.560000e+02	1.580000e+02	2.725768e-08	5.811357e-09	5.811357e-09
1.580000e+02	1.600000e+02	2.230173e-08	5.256570e-09	5.256570e-09
1.600000e+02	1.620000e+02	4.832043e-08	7.737461e-09	7.737461e-09
1.620000e+02	1.640000e+02	5.947130e-08	8.583943e-09	8.583943e-09
1.640000e+02	1.660000e+02	1.127476e-07	1.181917e-08	1.181917e-08
1.660000e+02	1.680000e+02	2.292123e-07	1.685203e-08	1.685203e-08
1.680000e+02	1.700000e+02	6.281655e-07	2.789781e-08	2.789781e-08
1.700000e+02	1.720000e+02	4.631328e-06	7.575056e-08	7.575056e-08
1.720000e+02	1.740000e+02	5.118250e-06	7.963313e-08	7.963313e-08
1.740000e+02	1.760000e+02	6.802030e-07	2.903035e-08	2.903035e-08
1.760000e+02	1.780000e+02	3.060294e-07	1.947219e-08	1.947219e-08
1.780000e+02	1.800000e+02	1.499173e-07	1.362884e-08	1.362884e-08
1.800000e+02	1.820000e+02	9.416290e-08	1.080122e-08	1.080122e-08
1.820000e+02	1.840000e+02	5.327635e-08	8.124571e-09	8.124571e-09
1.840000e+02	1.860000e+02	5.947130e-08	8.583943e-09	8.583943e-09
1.860000e+02	1.880000e+02	3.716956e-08	6.786203e-09	6.786203e-09
1.880000e+02	1.900000e+02	3.840855e-08	6.898378e-09	6.898378e-09
1.900000e+02	1.920000e+02	2.354073e-08	5.400611e-09	5.400611e-09
1.920000e+02	1.940000e+02	2.106275e-08	5.108468e-09	5.108468e-09
1.940000e+02	1.960000e+02	7.433910e-09	3.034882e-09	3.034882e-09
1.960000e+02	1.980000e+02	0.000000e+00	0.000000e+00	0.000000e+00
1.980000e+02	2.000000e+02	0.000000e+00	0.000000e+00	0.000000e+00
# END HISTO1D


# BEGIN HISTO1D //nfs/dust/atlas/group/top/BS4Tops/r21/atlas-run3-multitops-bsm-joboptions/output/100022_13000GeV_353862/Rivet.yoda.gz/tttt_ttH/Inclusive_mTop1
ErrorBars=1
LineColor=blue
LineStyle=solid
Path=//nfs/dust/atlas/group/top/BS4Tops/r21/atlas-run3-multitops-bsm-joboptions/output/100022_13000GeV_353862/Rivet.yoda.gz/tttt_ttH/Inclusive_mTop1
ScaledBy=9.99999999999971859e-05
Title=SM tttt (LO)
# xlow	 xhigh	 val	 errminus	 errplus
1.500000e+02	1.520000e+02	2.386993e-06	9.021984e-07	9.021984e-07
1.520000e+02	1.540000e+02	4.773985e-06	1.275901e-06	1.275901e-06
1.540000e+02	1.560000e+02	3.409989e-06	1.078333e-06	1.078333e-06
1.560000e+02	1.580000e+02	7.842975e-06	1.635373e-06	1.635373e-06
1.580000e+02	1.600000e+02	5.796980e-06	1.405975e-06	1.405975e-06
1.600000e+02	1.620000e+02	6.478980e-06	1.486380e-06	1.486380e-06
1.620000e+02	1.640000e+02	1.295796e-05	2.102059e-06	2.102059e-06
1.640000e+02	1.660000e+02	2.045993e-05	2.641366e-06	2.641366e-06
1.660000e+02	1.680000e+02	5.762880e-05	4.432986e-06	4.432986e-06
1.680000e+02	1.700000e+02	1.265106e-04	6.568103e-06	6.568103e-06
1.700000e+02	1.720000e+02	7.484925e-04	1.597608e-05	1.597608e-05
1.720000e+02	1.740000e+02	1.913345e-03	2.554307e-05	2.554307e-05
1.740000e+02	1.760000e+02	2.751862e-04	9.687011e-06	9.687011e-06
1.760000e+02	1.780000e+02	8.524975e-05	5.391667e-06	5.391667e-06
1.780000e+02	1.800000e+02	3.955587e-05	3.672671e-06	3.672671e-06
1.800000e+02	1.820000e+02	2.727992e-05	3.049987e-06	3.049987e-06
1.820000e+02	1.840000e+02	1.773194e-05	2.458978e-06	2.458978e-06
1.840000e+02	1.860000e+02	1.602695e-05	2.337771e-06	2.337771e-06
1.860000e+02	1.880000e+02	1.091197e-05	1.928981e-06	1.928981e-06
1.880000e+02	1.900000e+02	1.159397e-05	1.988349e-06	1.988349e-06
1.900000e+02	1.920000e+02	8.183975e-06	1.670547e-06	1.670547e-06
1.920000e+02	1.940000e+02	6.478980e-06	1.486380e-06	1.486380e-06
1.940000e+02	1.960000e+02	1.704994e-06	7.624967e-07	7.624967e-07
1.960000e+02	1.980000e+02	0.000000e+00	0.000000e+00	0.000000e+00
1.980000e+02	2.000000e+02	0.000000e+00	0.000000e+00	0.000000e+00
# END HISTO1D

