# BEGIN PLOT
LegendOnly=//nfs/dust/atlas/group/top/BS4Tops/r21/atlas-run3-multitops-bsm-joboptions/output/100018_13000GeV_257144/Rivet.yoda.gz/tttt_ttH/Inclusive_mTop4_zoomin //nfs/dust/atlas/group/top/BS4Tops/r21/atlas-run3-multitops-bsm-joboptions/output/100022_13000GeV_353862/Rivet.yoda.gz/tttt_ttH/Inclusive_mTop4_zoomin
DrawOnly=//nfs/dust/atlas/group/top/BS4Tops/r21/atlas-run3-multitops-bsm-joboptions/output/100018_13000GeV_257144/Rivet.yoda.gz/tttt_ttH/Inclusive_mTop4_zoomin //nfs/dust/atlas/group/top/BS4Tops/r21/atlas-run3-multitops-bsm-joboptions/output/100022_13000GeV_353862/Rivet.yoda.gz/tttt_ttH/Inclusive_mTop4_zoomin
RatioPlotReference=//nfs/dust/atlas/group/top/BS4Tops/r21/atlas-run3-multitops-bsm-joboptions/output/100018_13000GeV_257144/Rivet.yoda.gz/tttt_ttH/Inclusive_mTop4_zoomin
RatioPlot=1
LogY=1
RatioPlotYLabel=Ratio
Legend=1
# END PLOT

# BEGIN HISTO1D //nfs/dust/atlas/group/top/BS4Tops/r21/atlas-run3-multitops-bsm-joboptions/output/100018_13000GeV_257144/Rivet.yoda.gz/tttt_ttH/Inclusive_mTop4_zoomin
ErrorBars=1
LineColor=red
LineStyle=solid
Path=//nfs/dust/atlas/group/top/BS4Tops/r21/atlas-run3-multitops-bsm-joboptions/output/100018_13000GeV_257144/Rivet.yoda.gz/tttt_ttH/Inclusive_mTop4_zoomin
ScaledBy=9.99999999999853681e-05
Title=ttH(tt) 2.8 TeV
# xlow	 xhigh	 val	 errminus	 errplus
1.650000e+02	1.652500e+02	3.005028e-08	1.226797e-08	1.226797e-08
1.652500e+02	1.655000e+02	7.011732e-08	1.873964e-08	1.873964e-08
1.655000e+02	1.657500e+02	9.015084e-08	2.124876e-08	2.124876e-08
1.657500e+02	1.660000e+02	7.512568e-08	1.939737e-08	1.939737e-08
1.660000e+02	1.662500e+02	6.510892e-08	1.805797e-08	1.805797e-08
1.662500e+02	1.665000e+02	1.101844e-07	2.349138e-08	2.349138e-08
1.665000e+02	1.667500e+02	8.013408e-08	2.003352e-08	2.003352e-08
1.667500e+02	1.670000e+02	8.013408e-08	2.003352e-08	2.003352e-08
1.670000e+02	1.672500e+02	9.515920e-08	2.183102e-08	2.183102e-08
1.672500e+02	1.675000e+02	1.402346e-07	2.650186e-08	2.650186e-08
1.675000e+02	1.677500e+02	1.602682e-07	2.833167e-08	2.833167e-08
1.677500e+02	1.680000e+02	1.352262e-07	2.602430e-08	2.602430e-08
1.680000e+02	1.682500e+02	1.502514e-07	2.743203e-08	2.743203e-08
1.682500e+02	1.685000e+02	2.003352e-07	3.167577e-08	3.167577e-08
1.685000e+02	1.687500e+02	2.253771e-07	3.359723e-08	3.359723e-08
1.687500e+02	1.690000e+02	2.854776e-07	3.781244e-08	3.781244e-08
1.690000e+02	1.692500e+02	3.005028e-07	3.879474e-08	3.879474e-08
1.692500e+02	1.695000e+02	3.455782e-07	4.160273e-08	4.160273e-08
1.695000e+02	1.697500e+02	4.457456e-07	4.724896e-08	4.724896e-08
1.697500e+02	1.700000e+02	5.609384e-07	5.300371e-08	5.300371e-08
1.700000e+02	1.702500e+02	8.414076e-07	6.491602e-08	6.491602e-08
1.702500e+02	1.705000e+02	9.515920e-07	6.903575e-08	6.903575e-08
1.705000e+02	1.707500e+02	1.282145e-06	8.013408e-08	8.013408e-08
1.707500e+02	1.710000e+02	1.742916e-06	9.343011e-08	9.343011e-08
1.710000e+02	1.712500e+02	2.238746e-06	1.058890e-07	1.058890e-07
1.712500e+02	1.715000e+02	3.200354e-06	1.266041e-07	1.266041e-07
1.715000e+02	1.717500e+02	4.312216e-06	1.469599e-07	1.469599e-07
1.717500e+02	1.720000e+02	5.373992e-06	1.640579e-07	1.640579e-07
1.720000e+02	1.722500e+02	5.303872e-06	1.629841e-07	1.629841e-07
1.722500e+02	1.725000e+02	4.447440e-06	1.492464e-07	1.492464e-07
1.725000e+02	1.727500e+02	3.200354e-06	1.266041e-07	1.266041e-07
1.727500e+02	1.730000e+02	2.283821e-06	1.069497e-07	1.069497e-07
1.730000e+02	1.732500e+02	1.702849e-06	9.234996e-08	9.234996e-08
1.732500e+02	1.735000e+02	1.372296e-06	8.290343e-08	8.290343e-08
1.735000e+02	1.737500e+02	8.163660e-07	6.394271e-08	6.394271e-08
1.737500e+02	1.740000e+02	8.414076e-07	6.491602e-08	6.491602e-08
1.740000e+02	1.742500e+02	5.759636e-07	5.370889e-08	5.370889e-08
1.742500e+02	1.745000e+02	5.459132e-07	5.228901e-08	5.228901e-08
1.745000e+02	1.747500e+02	4.156956e-07	4.562852e-08	4.562852e-08
1.747500e+02	1.750000e+02	3.105195e-07	3.943602e-08	3.943602e-08
# END HISTO1D


# BEGIN HISTO1D //nfs/dust/atlas/group/top/BS4Tops/r21/atlas-run3-multitops-bsm-joboptions/output/100022_13000GeV_353862/Rivet.yoda.gz/tttt_ttH/Inclusive_mTop4_zoomin
ErrorBars=1
LineColor=blue
LineStyle=solid
Path=//nfs/dust/atlas/group/top/BS4Tops/r21/atlas-run3-multitops-bsm-joboptions/output/100022_13000GeV_353862/Rivet.yoda.gz/tttt_ttH/Inclusive_mTop4_zoomin
ScaledBy=9.99999999999971859e-05
Title=SM tttt (LO)
# xlow	 xhigh	 val	 errminus	 errplus
1.650000e+02	1.652500e+02	1.636795e-05	6.682186e-06	6.682186e-06
1.652500e+02	1.655000e+02	3.546389e-05	9.835913e-06	9.835913e-06
1.655000e+02	1.657500e+02	1.363996e-05	6.099974e-06	6.099974e-06
1.657500e+02	1.660000e+02	2.182393e-05	7.715925e-06	7.715925e-06
1.660000e+02	1.662500e+02	4.364788e-05	1.091197e-05	1.091197e-05
1.662500e+02	1.665000e+02	4.091988e-05	1.056547e-05	1.056547e-05
1.665000e+02	1.667500e+02	3.273590e-05	9.450040e-06	9.450040e-06
1.667500e+02	1.670000e+02	2.182393e-05	7.715925e-06	7.715925e-06
1.670000e+02	1.672500e+02	4.910384e-05	1.157389e-05	1.157389e-05
1.672500e+02	1.675000e+02	4.910384e-05	1.157389e-05	1.157389e-05
1.675000e+02	1.677500e+02	4.637584e-05	1.124780e-05	1.124780e-05
1.677500e+02	1.680000e+02	5.455984e-05	1.219995e-05	1.219995e-05
1.680000e+02	1.682500e+02	6.001580e-05	1.279541e-05	1.279541e-05
1.682500e+02	1.685000e+02	7.365576e-05	1.417506e-05	1.417506e-05
1.685000e+02	1.687500e+02	8.729572e-05	1.543185e-05	1.543185e-05
1.687500e+02	1.690000e+02	1.063917e-04	1.703630e-05	1.703630e-05
1.690000e+02	1.692500e+02	1.391276e-04	1.948176e-05	1.948176e-05
1.692500e+02	1.695000e+02	1.445836e-04	1.986008e-05	1.986008e-05
1.695000e+02	1.697500e+02	1.473115e-04	2.004656e-05	2.004656e-05
1.697500e+02	1.700000e+02	1.691355e-04	2.148023e-05	2.148023e-05
1.700000e+02	1.702500e+02	2.346073e-04	2.529835e-05	2.529835e-05
1.702500e+02	1.705000e+02	2.618872e-04	2.672875e-05	2.672875e-05
1.705000e+02	1.707500e+02	4.173828e-04	3.374339e-05	3.374339e-05
1.707500e+02	1.710000e+02	4.610304e-04	3.546389e-05	3.546389e-05
1.710000e+02	1.712500e+02	6.792700e-04	4.304697e-05	4.304697e-05
1.712500e+02	1.715000e+02	8.865972e-04	4.917957e-05	4.917957e-05
1.715000e+02	1.717500e+02	1.276700e-03	5.901548e-05	5.901548e-05
1.717500e+02	1.720000e+02	1.835938e-03	7.077022e-05	7.077022e-05
1.720000e+02	1.722500e+02	2.477016e-03	8.220267e-05	8.220267e-05
1.722500e+02	1.725000e+02	3.118094e-03	9.222871e-05	9.222871e-05
1.725000e+02	1.727500e+02	2.689800e-03	8.566067e-05	8.566067e-05
1.727500e+02	1.730000e+02	2.381536e-03	8.060280e-05	8.060280e-05
1.730000e+02	1.732500e+02	1.923234e-03	7.243319e-05	7.243319e-05
1.732500e+02	1.735000e+02	1.363996e-03	6.099974e-05	6.099974e-05
1.735000e+02	1.737500e+02	8.156696e-04	4.717138e-05	4.717138e-05
1.737500e+02	1.740000e+02	6.710860e-04	4.278688e-05	4.278688e-05
1.740000e+02	1.742500e+02	4.937664e-04	3.670137e-05	3.670137e-05
1.742500e+02	1.745000e+02	4.310228e-04	3.429032e-05	3.429032e-05
1.745000e+02	1.747500e+02	3.409989e-04	3.049987e-05	3.049987e-05
1.747500e+02	1.750000e+02	2.482472e-04	2.602338e-05	2.602338e-05
# END HISTO1D

