# BEGIN PLOT
LegendOnly=//nfs/dust/atlas/group/top/BS4Tops/r21/atlas-run3-multitops-bsm-joboptions/output/100003_13000GeV_147446/Rivet.yoda.gz/tttt_ttH_1LOS/Inclusive_mu0Pt_15GeV //nfs/dust/atlas/group/top/BS4Tops/r21/atlas-run3-multitops-bsm-joboptions/output/100022_13000GeV_353862/Rivet.yoda.gz/tttt_ttH_1LOS/Inclusive_mu0Pt_15GeV
DrawOnly=//nfs/dust/atlas/group/top/BS4Tops/r21/atlas-run3-multitops-bsm-joboptions/output/100003_13000GeV_147446/Rivet.yoda.gz/tttt_ttH_1LOS/Inclusive_mu0Pt_15GeV //nfs/dust/atlas/group/top/BS4Tops/r21/atlas-run3-multitops-bsm-joboptions/output/100022_13000GeV_353862/Rivet.yoda.gz/tttt_ttH_1LOS/Inclusive_mu0Pt_15GeV
RatioPlotReference=//nfs/dust/atlas/group/top/BS4Tops/r21/atlas-run3-multitops-bsm-joboptions/output/100003_13000GeV_147446/Rivet.yoda.gz/tttt_ttH_1LOS/Inclusive_mu0Pt_15GeV
RatioPlot=1
LogY=1
RatioPlotYLabel=Ratio
Legend=1
# END PLOT

# BEGIN HISTO1D //nfs/dust/atlas/group/top/BS4Tops/r21/atlas-run3-multitops-bsm-joboptions/output/100003_13000GeV_147446/Rivet.yoda.gz/tttt_ttH_1LOS/Inclusive_mu0Pt_15GeV
ErrorBars=1
LineColor=red
LineStyle=solid
Path=//nfs/dust/atlas/group/top/BS4Tops/r21/atlas-run3-multitops-bsm-joboptions/output/100003_13000GeV_147446/Rivet.yoda.gz/tttt_ttH_1LOS/Inclusive_mu0Pt_15GeV
ScaledBy=9.99999999999621661e-05
Title=ttH(tt) 1.3 TeV
# xlow	 xhigh	 val	 errminus	 errplus
0.000000e+00	1.500000e+01	0.000000e+00	0.000000e+00	0.000000e+00
1.500000e+01	3.000000e+01	5.159393e-06	2.028367e-07	2.028367e-07
3.000000e+01	4.500000e+01	4.720805e-06	1.940239e-07	1.940239e-07
4.500000e+01	6.000000e+01	3.931346e-06	1.770589e-07	1.770589e-07
6.000000e+01	7.500000e+01	3.803757e-06	1.741620e-07	1.741620e-07
7.500000e+01	9.000000e+01	2.974426e-06	1.540099e-07	1.540099e-07
9.000000e+01	1.050000e+02	2.368377e-06	1.374272e-07	1.374272e-07
1.050000e+02	1.200000e+02	2.192941e-06	1.322393e-07	1.322393e-07
1.200000e+02	1.350000e+02	1.762327e-06	1.185470e-07	1.185470e-07
1.350000e+02	1.500000e+02	1.539046e-06	1.107830e-07	1.107830e-07
1.500000e+02	1.650000e+02	1.243996e-06	9.959938e-08	9.959938e-08
1.650000e+02	1.800000e+02	1.044637e-06	9.127039e-08	9.127039e-08
1.800000e+02	1.950000e+02	8.213560e-07	8.093064e-08	8.093064e-08
1.950000e+02	2.100000e+02	9.010993e-07	8.476831e-08	8.476831e-08
2.100000e+02	2.250000e+02	7.894587e-07	7.934361e-08	7.934361e-08
2.250000e+02	2.400000e+02	7.814847e-07	7.894186e-08	7.894186e-08
2.400000e+02	2.550000e+02	4.784599e-07	6.176891e-08	6.176891e-08
2.550000e+02	2.700000e+02	5.422546e-07	6.575803e-08	6.575803e-08
2.700000e+02	2.850000e+02	4.146653e-07	5.750373e-08	5.750373e-08
2.850000e+02	3.000000e+02	3.668193e-07	5.408455e-08	5.408455e-08
# END HISTO1D


# BEGIN HISTO1D //nfs/dust/atlas/group/top/BS4Tops/r21/atlas-run3-multitops-bsm-joboptions/output/100022_13000GeV_353862/Rivet.yoda.gz/tttt_ttH_1LOS/Inclusive_mu0Pt_15GeV
ErrorBars=1
LineColor=blue
LineStyle=solid
Path=//nfs/dust/atlas/group/top/BS4Tops/r21/atlas-run3-multitops-bsm-joboptions/output/100022_13000GeV_353862/Rivet.yoda.gz/tttt_ttH_1LOS/Inclusive_mu0Pt_15GeV
ScaledBy=9.99999999999971859e-05
Title=SM tttt (LO)
# xlow	 xhigh	 val	 errminus	 errplus
0.000000e+00	1.500000e+01	0.000000e+00	0.000000e+00	0.000000e+00
1.500000e+01	3.000000e+01	3.209937e-05	1.208076e-06	1.208076e-06
3.000000e+01	4.500000e+01	2.891671e-05	1.146622e-06	1.146622e-06
4.500000e+01	6.000000e+01	2.437006e-05	1.052626e-06	1.052626e-06
6.000000e+01	7.500000e+01	1.950514e-05	9.417169e-07	9.417169e-07
7.500000e+01	9.000000e+01	1.423102e-05	8.043849e-07	8.043849e-07
9.000000e+01	1.050000e+02	1.254876e-05	7.553466e-07	7.553466e-07
1.050000e+02	1.200000e+02	7.320113e-06	5.769055e-07	5.769055e-07
1.200000e+02	1.350000e+02	7.274647e-06	5.751111e-07	5.751111e-07
1.350000e+02	1.500000e+02	4.773985e-06	4.658932e-07	4.658932e-07
1.500000e+02	1.650000e+02	3.591855e-06	4.041153e-07	4.041153e-07
1.650000e+02	1.800000e+02	3.228123e-06	3.831078e-07	3.831078e-07
1.800000e+02	1.950000e+02	1.864127e-06	2.911278e-07	2.911278e-07
1.950000e+02	2.100000e+02	1.636795e-06	2.727992e-07	2.727992e-07
2.100000e+02	2.250000e+02	1.227596e-06	2.362510e-07	2.362510e-07
2.250000e+02	2.400000e+02	1.500395e-06	2.611853e-07	2.611853e-07
2.400000e+02	2.550000e+02	5.910648e-07	1.639319e-07	1.639319e-07
2.550000e+02	2.700000e+02	6.365313e-07	1.701202e-07	1.701202e-07
2.700000e+02	2.850000e+02	6.365313e-07	1.701202e-07	1.701202e-07
2.850000e+02	3.000000e+02	6.365313e-07	1.701202e-07	1.701202e-07
# END HISTO1D

