# BEGIN PLOT
LegendOnly=//nfs/dust/atlas/group/top/BS4Tops/r21/atlas-run3-multitops-bsm-joboptions/output/100003_13000GeV_147446/Rivet.yoda.gz/tttt_ttH_1LOS/Inclusive_lep0Pt_15GeV //nfs/dust/atlas/group/top/BS4Tops/r21/atlas-run3-multitops-bsm-joboptions/output/100022_13000GeV_353862/Rivet.yoda.gz/tttt_ttH_1LOS/Inclusive_lep0Pt_15GeV
DrawOnly=//nfs/dust/atlas/group/top/BS4Tops/r21/atlas-run3-multitops-bsm-joboptions/output/100003_13000GeV_147446/Rivet.yoda.gz/tttt_ttH_1LOS/Inclusive_lep0Pt_15GeV //nfs/dust/atlas/group/top/BS4Tops/r21/atlas-run3-multitops-bsm-joboptions/output/100022_13000GeV_353862/Rivet.yoda.gz/tttt_ttH_1LOS/Inclusive_lep0Pt_15GeV
RatioPlotReference=//nfs/dust/atlas/group/top/BS4Tops/r21/atlas-run3-multitops-bsm-joboptions/output/100003_13000GeV_147446/Rivet.yoda.gz/tttt_ttH_1LOS/Inclusive_lep0Pt_15GeV
RatioPlot=1
LogY=1
RatioPlotYLabel=Ratio
Legend=1
# END PLOT

# BEGIN HISTO1D //nfs/dust/atlas/group/top/BS4Tops/r21/atlas-run3-multitops-bsm-joboptions/output/100003_13000GeV_147446/Rivet.yoda.gz/tttt_ttH_1LOS/Inclusive_lep0Pt_15GeV
ErrorBars=1
LineColor=red
LineStyle=solid
Path=//nfs/dust/atlas/group/top/BS4Tops/r21/atlas-run3-multitops-bsm-joboptions/output/100003_13000GeV_147446/Rivet.yoda.gz/tttt_ttH_1LOS/Inclusive_lep0Pt_15GeV
ScaledBy=9.99999999999621661e-05
Title=ttH(tt) 1.3 TeV
# xlow	 xhigh	 val	 errminus	 errplus
0.000000e+00	1.500000e+01	0.000000e+00	0.000000e+00	0.000000e+00
1.500000e+01	3.000000e+01	7.121080e-06	2.382978e-07	2.382978e-07
3.000000e+01	4.500000e+01	7.384233e-06	2.426609e-07	2.426609e-07
4.500000e+01	6.000000e+01	6.219979e-06	2.227110e-07	2.227110e-07
6.000000e+01	7.500000e+01	5.885057e-06	2.166319e-07	2.166319e-07
7.500000e+01	9.000000e+01	4.872317e-06	1.971128e-07	1.971128e-07
9.000000e+01	1.050000e+02	4.106781e-06	1.809664e-07	1.809664e-07
1.050000e+02	1.200000e+02	3.644270e-06	1.704718e-07	1.704718e-07
1.200000e+02	1.350000e+02	3.038221e-06	1.556527e-07	1.556527e-07
1.350000e+02	1.500000e+02	2.798991e-06	1.493991e-07	1.493991e-07
1.500000e+02	1.650000e+02	2.264710e-06	1.343858e-07	1.343858e-07
1.650000e+02	1.800000e+02	2.081301e-06	1.288293e-07	1.288293e-07
1.800000e+02	1.950000e+02	1.794225e-06	1.196150e-07	1.196150e-07
1.950000e+02	2.100000e+02	1.554995e-06	1.113555e-07	1.113555e-07
2.100000e+02	2.250000e+02	1.419431e-06	1.063909e-07	1.063909e-07
2.250000e+02	2.400000e+02	1.403483e-06	1.057915e-07	1.057915e-07
2.400000e+02	2.550000e+02	1.004766e-06	8.951166e-08	8.951166e-08
2.550000e+02	2.700000e+02	9.888173e-07	8.879840e-08	8.879840e-08
2.700000e+02	2.850000e+02	8.293307e-07	8.132254e-08	8.132254e-08
2.850000e+02	3.000000e+02	6.538952e-07	7.221065e-08	7.221065e-08
# END HISTO1D


# BEGIN HISTO1D //nfs/dust/atlas/group/top/BS4Tops/r21/atlas-run3-multitops-bsm-joboptions/output/100022_13000GeV_353862/Rivet.yoda.gz/tttt_ttH_1LOS/Inclusive_lep0Pt_15GeV
ErrorBars=1
LineColor=blue
LineStyle=solid
Path=//nfs/dust/atlas/group/top/BS4Tops/r21/atlas-run3-multitops-bsm-joboptions/output/100022_13000GeV_353862/Rivet.yoda.gz/tttt_ttH_1LOS/Inclusive_lep0Pt_15GeV
ScaledBy=9.99999999999971859e-05
Title=SM tttt (LO)
# xlow	 xhigh	 val	 errminus	 errplus
0.000000e+00	1.500000e+01	0.000000e+00	0.000000e+00	0.000000e+00
1.500000e+01	3.000000e+01	4.628492e-05	1.450660e-06	1.450660e-06
3.000000e+01	4.500000e+01	4.610305e-05	1.447807e-06	1.447807e-06
4.500000e+01	6.000000e+01	4.101081e-05	1.365510e-06	1.365510e-06
6.000000e+01	7.500000e+01	3.414536e-05	1.245982e-06	1.245982e-06
7.500000e+01	9.000000e+01	2.377899e-05	1.039783e-06	1.039783e-06
9.000000e+01	1.050000e+02	2.064180e-05	9.687678e-07	9.687678e-07
1.050000e+02	1.200000e+02	1.423102e-05	8.043849e-07	8.043849e-07
1.200000e+02	1.350000e+02	1.223049e-05	7.457065e-07	7.457065e-07
1.350000e+02	1.500000e+02	8.956907e-06	6.381531e-07	6.381531e-07
1.500000e+02	1.650000e+02	6.910913e-06	5.605489e-07	5.605489e-07
1.650000e+02	1.800000e+02	5.546916e-06	5.021942e-07	5.021942e-07
1.800000e+02	1.950000e+02	4.364786e-06	4.454791e-07	4.454791e-07
1.950000e+02	2.100000e+02	3.364523e-06	3.911178e-07	3.911178e-07
2.100000e+02	2.250000e+02	2.409726e-06	3.310013e-07	3.310013e-07
2.250000e+02	2.400000e+02	2.546125e-06	3.402403e-07	3.402403e-07
2.400000e+02	2.550000e+02	1.136663e-06	2.273326e-07	2.273326e-07
2.550000e+02	2.700000e+02	1.409462e-06	2.531469e-07	2.531469e-07
2.700000e+02	2.850000e+02	1.045730e-06	2.180497e-07	2.180497e-07
2.850000e+02	3.000000e+02	9.547973e-07	2.083538e-07	2.083538e-07
# END HISTO1D

