# BEGIN PLOT
LegendOnly=//nfs/dust/atlas/group/top/BS4Tops/r21/atlas-run3-multitops-bsm-joboptions/output/100006_13000GeV_177523/Rivet.yoda.gz/tttt_ttH/Inclusive_mTop2_zoomin //nfs/dust/atlas/group/top/BS4Tops/r21/atlas-run3-multitops-bsm-joboptions/output/100022_13000GeV_353862/Rivet.yoda.gz/tttt_ttH/Inclusive_mTop2_zoomin
DrawOnly=//nfs/dust/atlas/group/top/BS4Tops/r21/atlas-run3-multitops-bsm-joboptions/output/100006_13000GeV_177523/Rivet.yoda.gz/tttt_ttH/Inclusive_mTop2_zoomin //nfs/dust/atlas/group/top/BS4Tops/r21/atlas-run3-multitops-bsm-joboptions/output/100022_13000GeV_353862/Rivet.yoda.gz/tttt_ttH/Inclusive_mTop2_zoomin
RatioPlotReference=//nfs/dust/atlas/group/top/BS4Tops/r21/atlas-run3-multitops-bsm-joboptions/output/100006_13000GeV_177523/Rivet.yoda.gz/tttt_ttH/Inclusive_mTop2_zoomin
RatioPlot=1
LogY=1
RatioPlotYLabel=Ratio
Legend=1
# END PLOT

# BEGIN HISTO1D //nfs/dust/atlas/group/top/BS4Tops/r21/atlas-run3-multitops-bsm-joboptions/output/100006_13000GeV_177523/Rivet.yoda.gz/tttt_ttH/Inclusive_mTop2_zoomin
ErrorBars=1
LineColor=red
LineStyle=solid
Path=//nfs/dust/atlas/group/top/BS4Tops/r21/atlas-run3-multitops-bsm-joboptions/output/100006_13000GeV_177523/Rivet.yoda.gz/tttt_ttH/Inclusive_mTop2_zoomin
ScaledBy=9.99999999999960746e-05
Title=ttH(tt) 1.6 TeV
# xlow	 xhigh	 val	 errminus	 errplus
1.650000e+02	1.652500e+02	9.308572e-07	3.518310e-07	3.518310e-07
1.652500e+02	1.655000e+02	1.595755e-06	4.606548e-07	4.606548e-07
1.655000e+02	1.657500e+02	1.728735e-06	4.794647e-07	4.794647e-07
1.657500e+02	1.660000e+02	1.329796e-06	4.205183e-07	4.205183e-07
1.660000e+02	1.662500e+02	9.308572e-07	3.518310e-07	3.518310e-07
1.662500e+02	1.665000e+02	2.792572e-06	6.093891e-07	6.093891e-07
1.665000e+02	1.667500e+02	2.260653e-06	5.482890e-07	5.482890e-07
1.667500e+02	1.670000e+02	1.861714e-06	4.975641e-07	4.975641e-07
1.670000e+02	1.672500e+02	3.590449e-06	6.909823e-07	6.909823e-07
1.672500e+02	1.675000e+02	3.590449e-06	6.909823e-07	6.909823e-07
1.675000e+02	1.677500e+02	3.590449e-06	6.909823e-07	6.909823e-07
1.677500e+02	1.680000e+02	4.388328e-06	7.639096e-07	7.639096e-07
1.680000e+02	1.682500e+02	3.856408e-06	7.161171e-07	7.161171e-07
1.682500e+02	1.685000e+02	5.053224e-06	8.197413e-07	8.197413e-07
1.685000e+02	1.687500e+02	6.383020e-06	9.213098e-07	9.213098e-07
1.687500e+02	1.690000e+02	7.180900e-06	9.771966e-07	9.771966e-07
1.690000e+02	1.692500e+02	1.010645e-05	1.159289e-06	1.159289e-06
1.692500e+02	1.695000e+02	1.077135e-05	1.196816e-06	1.196816e-06
1.695000e+02	1.697500e+02	1.010645e-05	1.159289e-06	1.159289e-06
1.697500e+02	1.700000e+02	1.476074e-05	1.401027e-06	1.401027e-06
1.700000e+02	1.702500e+02	1.875012e-05	1.579045e-06	1.579045e-06
1.702500e+02	1.705000e+02	2.686188e-05	1.889995e-06	1.889995e-06
1.705000e+02	1.707500e+02	3.377682e-05	2.119346e-06	2.119346e-06
1.707500e+02	1.710000e+02	4.694180e-05	2.498460e-06	2.498460e-06
1.710000e+02	1.712500e+02	6.090464e-05	2.845888e-06	2.845888e-06
1.712500e+02	1.715000e+02	8.617080e-05	3.385108e-06	3.385108e-06
1.715000e+02	1.717500e+02	1.098412e-04	3.821863e-06	3.821863e-06
1.717500e+02	1.720000e+02	1.361711e-04	4.255348e-06	4.255348e-06
1.720000e+02	1.722500e+02	1.438839e-04	4.374201e-06	4.374201e-06
1.722500e+02	1.725000e+02	1.144954e-04	3.901994e-06	3.901994e-06
1.725000e+02	1.727500e+02	8.311224e-05	3.324490e-06	3.324490e-06
1.727500e+02	1.730000e+02	5.877700e-05	2.795736e-06	2.795736e-06
1.730000e+02	1.732500e+02	4.707476e-05	2.501996e-06	2.501996e-06
1.732500e+02	1.735000e+02	3.151617e-05	2.047195e-06	2.047195e-06
1.735000e+02	1.737500e+02	2.938849e-05	1.976884e-06	1.976884e-06
1.737500e+02	1.740000e+02	2.140972e-05	1.687322e-06	1.687322e-06
1.740000e+02	1.742500e+02	1.688841e-05	1.498604e-06	1.498604e-06
1.742500e+02	1.745000e+02	1.409584e-05	1.369109e-06	1.369109e-06
1.745000e+02	1.747500e+02	1.476074e-05	1.401027e-06	1.401027e-06
1.747500e+02	1.750000e+02	8.776652e-06	1.080331e-06	1.080331e-06
# END HISTO1D


# BEGIN HISTO1D //nfs/dust/atlas/group/top/BS4Tops/r21/atlas-run3-multitops-bsm-joboptions/output/100022_13000GeV_353862/Rivet.yoda.gz/tttt_ttH/Inclusive_mTop2_zoomin
ErrorBars=1
LineColor=blue
LineStyle=solid
Path=//nfs/dust/atlas/group/top/BS4Tops/r21/atlas-run3-multitops-bsm-joboptions/output/100022_13000GeV_353862/Rivet.yoda.gz/tttt_ttH/Inclusive_mTop2_zoomin
ScaledBy=9.99999999999971859e-05
Title=SM tttt (LO)
# xlow	 xhigh	 val	 errminus	 errplus
1.650000e+02	1.652500e+02	1.091196e-05	5.455982e-06	5.455982e-06
1.652500e+02	1.655000e+02	3.000790e-05	9.047724e-06	9.047724e-06
1.655000e+02	1.657500e+02	3.819188e-05	1.020721e-05	1.020721e-05
1.657500e+02	1.660000e+02	3.546389e-05	9.835913e-06	9.835913e-06
1.660000e+02	1.662500e+02	5.455984e-05	1.219995e-05	1.219995e-05
1.662500e+02	1.665000e+02	4.364788e-05	1.091197e-05	1.091197e-05
1.665000e+02	1.667500e+02	6.547180e-05	1.336438e-05	1.336438e-05
1.667500e+02	1.670000e+02	3.000790e-05	9.047724e-06	9.047724e-06
1.670000e+02	1.672500e+02	5.728784e-05	1.250123e-05	1.250123e-05
1.672500e+02	1.675000e+02	6.547180e-05	1.336438e-05	1.336438e-05
1.675000e+02	1.677500e+02	4.364788e-05	1.091197e-05	1.091197e-05
1.677500e+02	1.680000e+02	6.274380e-05	1.308298e-05	1.308298e-05
1.680000e+02	1.682500e+02	4.364788e-05	1.091197e-05	1.091197e-05
1.682500e+02	1.685000e+02	7.092776e-05	1.391008e-05	1.391008e-05
1.685000e+02	1.687500e+02	8.456772e-05	1.518881e-05	1.518881e-05
1.687500e+02	1.690000e+02	9.002372e-05	1.567112e-05	1.567112e-05
1.690000e+02	1.692500e+02	9.820768e-05	1.636795e-05	1.636795e-05
1.692500e+02	1.695000e+02	1.336716e-04	1.909594e-05	1.909594e-05
1.695000e+02	1.697500e+02	1.582235e-04	2.077576e-05	2.077576e-05
1.697500e+02	1.700000e+02	2.100554e-04	2.393803e-05	2.393803e-05
1.700000e+02	1.702500e+02	2.236953e-04	2.470301e-05	2.470301e-05
1.702500e+02	1.705000e+02	3.519109e-04	3.098403e-05	3.098403e-05
1.705000e+02	1.707500e+02	4.201108e-04	3.385348e-05	3.385348e-05
1.707500e+02	1.710000e+02	4.746704e-04	3.598468e-05	3.598468e-05
1.710000e+02	1.712500e+02	6.792700e-04	4.304697e-05	4.304697e-05
1.712500e+02	1.715000e+02	9.384292e-04	5.059671e-05	5.059671e-05
1.715000e+02	1.717500e+02	1.213956e-03	5.754705e-05	5.754705e-05
1.717500e+02	1.720000e+02	1.767738e-03	6.944333e-05	6.944333e-05
1.720000e+02	1.722500e+02	2.294241e-03	7.911175e-05	7.911175e-05
1.722500e+02	1.725000e+02	3.003518e-03	9.051836e-05	9.051836e-05
1.725000e+02	1.727500e+02	2.978967e-03	9.014763e-05	9.014763e-05
1.727500e+02	1.730000e+02	2.433368e-03	8.147520e-05	8.147520e-05
1.730000e+02	1.732500e+02	1.751370e-03	6.912108e-05	6.912108e-05
1.732500e+02	1.735000e+02	1.252148e-03	5.844527e-05	5.844527e-05
1.735000e+02	1.737500e+02	8.565892e-04	4.834013e-05	4.834013e-05
1.737500e+02	1.740000e+02	6.956380e-04	4.356253e-05	4.356253e-05
1.740000e+02	1.742500e+02	5.210464e-04	3.770159e-05	3.770159e-05
1.742500e+02	1.745000e+02	4.392068e-04	3.461433e-05	3.461433e-05
1.745000e+02	1.747500e+02	3.437269e-04	3.062163e-05	3.062163e-05
1.747500e+02	1.750000e+02	2.155113e-04	2.424692e-05	2.424692e-05
# END HISTO1D

