# BEGIN PLOT
LegendOnly=//nfs/dust/atlas/group/top/BS4Tops/r21/atlas-run3-multitops-bsm-joboptions/output/100020_13000GeV_261650/Rivet.yoda.gz/tttt_ttH/Inclusive_mTop4_zoomin //nfs/dust/atlas/group/top/BS4Tops/r21/atlas-run3-multitops-bsm-joboptions/output/100022_13000GeV_353862/Rivet.yoda.gz/tttt_ttH/Inclusive_mTop4_zoomin
DrawOnly=//nfs/dust/atlas/group/top/BS4Tops/r21/atlas-run3-multitops-bsm-joboptions/output/100020_13000GeV_261650/Rivet.yoda.gz/tttt_ttH/Inclusive_mTop4_zoomin //nfs/dust/atlas/group/top/BS4Tops/r21/atlas-run3-multitops-bsm-joboptions/output/100022_13000GeV_353862/Rivet.yoda.gz/tttt_ttH/Inclusive_mTop4_zoomin
RatioPlotReference=//nfs/dust/atlas/group/top/BS4Tops/r21/atlas-run3-multitops-bsm-joboptions/output/100020_13000GeV_261650/Rivet.yoda.gz/tttt_ttH/Inclusive_mTop4_zoomin
RatioPlot=1
LogY=1
RatioPlotYLabel=Ratio
Legend=1
# END PLOT

# BEGIN HISTO1D //nfs/dust/atlas/group/top/BS4Tops/r21/atlas-run3-multitops-bsm-joboptions/output/100020_13000GeV_261650/Rivet.yoda.gz/tttt_ttH/Inclusive_mTop4_zoomin
ErrorBars=1
LineColor=red
LineStyle=solid
Path=//nfs/dust/atlas/group/top/BS4Tops/r21/atlas-run3-multitops-bsm-joboptions/output/100020_13000GeV_261650/Rivet.yoda.gz/tttt_ttH/Inclusive_mTop4_zoomin
ScaledBy=7.53012048192797253e-04
Title=ttH(tt) 3 TeV
# xlow	 xhigh	 val	 errminus	 errplus
1.650000e+02	1.652500e+02	5.061048e-08	3.578700e-08	3.578700e-08
1.652500e+02	1.655000e+02	1.265262e-07	5.658421e-08	5.658421e-08
1.655000e+02	1.657500e+02	7.591568e-08	4.382994e-08	4.382994e-08
1.657500e+02	1.660000e+02	5.061048e-08	3.578700e-08	3.578700e-08
1.660000e+02	1.662500e+02	7.591568e-08	4.382994e-08	4.382994e-08
1.662500e+02	1.665000e+02	2.530523e-08	2.530523e-08	2.530523e-08
1.665000e+02	1.667500e+02	2.530523e-08	2.530523e-08	2.530523e-08
1.667500e+02	1.670000e+02	5.061048e-08	3.578700e-08	3.578700e-08
1.670000e+02	1.672500e+02	7.591568e-08	4.382994e-08	4.382994e-08
1.672500e+02	1.675000e+02	1.518314e-07	6.198490e-08	6.198490e-08
1.675000e+02	1.677500e+02	7.591568e-08	4.382994e-08	4.382994e-08
1.677500e+02	1.680000e+02	1.012209e-07	5.061047e-08	5.061047e-08
1.680000e+02	1.682500e+02	1.265262e-07	5.658421e-08	5.658421e-08
1.682500e+02	1.685000e+02	7.591568e-08	4.382994e-08	4.382994e-08
1.685000e+02	1.687500e+02	1.518314e-07	6.198490e-08	6.198490e-08
1.687500e+02	1.690000e+02	1.518314e-07	6.198490e-08	6.198490e-08
1.690000e+02	1.692500e+02	1.771366e-07	6.695135e-08	6.695135e-08
1.692500e+02	1.695000e+02	1.012209e-07	5.061047e-08	5.061047e-08
1.695000e+02	1.697500e+02	2.783576e-07	8.392796e-08	8.392796e-08
1.697500e+02	1.700000e+02	4.301888e-07	1.043361e-07	1.043361e-07
1.700000e+02	1.702500e+02	5.567152e-07	1.186921e-07	1.186921e-07
1.702500e+02	1.705000e+02	5.567152e-07	1.186921e-07	1.186921e-07
1.705000e+02	1.707500e+02	8.097672e-07	1.431480e-07	1.431480e-07
1.707500e+02	1.710000e+02	1.189346e-06	1.734839e-07	1.734839e-07
1.710000e+02	1.712500e+02	1.417093e-06	1.893670e-07	1.893670e-07
1.712500e+02	1.715000e+02	1.872587e-06	2.176838e-07	2.176838e-07
1.715000e+02	1.717500e+02	3.011322e-06	2.760475e-07	2.760475e-07
1.717500e+02	1.720000e+02	3.821090e-06	3.109559e-07	3.109559e-07
1.720000e+02	1.722500e+02	4.048836e-06	3.200887e-07	3.200887e-07
1.722500e+02	1.725000e+02	2.555828e-06	2.543144e-07	2.543144e-07
1.725000e+02	1.727500e+02	2.226860e-06	2.373841e-07	2.373841e-07
1.727500e+02	1.730000e+02	1.644840e-06	2.040173e-07	2.040173e-07
1.730000e+02	1.732500e+02	1.113430e-06	1.678559e-07	1.678559e-07
1.732500e+02	1.735000e+02	7.844620e-07	1.408935e-07	1.408935e-07
1.735000e+02	1.737500e+02	7.085464e-07	1.339027e-07	1.339027e-07
1.737500e+02	1.740000e+02	5.061048e-07	1.131684e-07	1.131684e-07
1.740000e+02	1.742500e+02	6.073256e-07	1.239698e-07	1.239698e-07
1.742500e+02	1.745000e+02	4.048836e-07	1.012209e-07	1.012209e-07
1.745000e+02	1.747500e+02	3.036628e-07	8.765989e-08	8.765989e-08
1.747500e+02	1.750000e+02	1.771366e-07	6.695135e-08	6.695135e-08
# END HISTO1D


# BEGIN HISTO1D //nfs/dust/atlas/group/top/BS4Tops/r21/atlas-run3-multitops-bsm-joboptions/output/100022_13000GeV_353862/Rivet.yoda.gz/tttt_ttH/Inclusive_mTop4_zoomin
ErrorBars=1
LineColor=blue
LineStyle=solid
Path=//nfs/dust/atlas/group/top/BS4Tops/r21/atlas-run3-multitops-bsm-joboptions/output/100022_13000GeV_353862/Rivet.yoda.gz/tttt_ttH/Inclusive_mTop4_zoomin
ScaledBy=9.99999999999971859e-05
Title=SM tttt (LO)
# xlow	 xhigh	 val	 errminus	 errplus
1.650000e+02	1.652500e+02	1.636795e-05	6.682186e-06	6.682186e-06
1.652500e+02	1.655000e+02	3.546389e-05	9.835913e-06	9.835913e-06
1.655000e+02	1.657500e+02	1.363996e-05	6.099974e-06	6.099974e-06
1.657500e+02	1.660000e+02	2.182393e-05	7.715925e-06	7.715925e-06
1.660000e+02	1.662500e+02	4.364788e-05	1.091197e-05	1.091197e-05
1.662500e+02	1.665000e+02	4.091988e-05	1.056547e-05	1.056547e-05
1.665000e+02	1.667500e+02	3.273590e-05	9.450040e-06	9.450040e-06
1.667500e+02	1.670000e+02	2.182393e-05	7.715925e-06	7.715925e-06
1.670000e+02	1.672500e+02	4.910384e-05	1.157389e-05	1.157389e-05
1.672500e+02	1.675000e+02	4.910384e-05	1.157389e-05	1.157389e-05
1.675000e+02	1.677500e+02	4.637584e-05	1.124780e-05	1.124780e-05
1.677500e+02	1.680000e+02	5.455984e-05	1.219995e-05	1.219995e-05
1.680000e+02	1.682500e+02	6.001580e-05	1.279541e-05	1.279541e-05
1.682500e+02	1.685000e+02	7.365576e-05	1.417506e-05	1.417506e-05
1.685000e+02	1.687500e+02	8.729572e-05	1.543185e-05	1.543185e-05
1.687500e+02	1.690000e+02	1.063917e-04	1.703630e-05	1.703630e-05
1.690000e+02	1.692500e+02	1.391276e-04	1.948176e-05	1.948176e-05
1.692500e+02	1.695000e+02	1.445836e-04	1.986008e-05	1.986008e-05
1.695000e+02	1.697500e+02	1.473115e-04	2.004656e-05	2.004656e-05
1.697500e+02	1.700000e+02	1.691355e-04	2.148023e-05	2.148023e-05
1.700000e+02	1.702500e+02	2.346073e-04	2.529835e-05	2.529835e-05
1.702500e+02	1.705000e+02	2.618872e-04	2.672875e-05	2.672875e-05
1.705000e+02	1.707500e+02	4.173828e-04	3.374339e-05	3.374339e-05
1.707500e+02	1.710000e+02	4.610304e-04	3.546389e-05	3.546389e-05
1.710000e+02	1.712500e+02	6.792700e-04	4.304697e-05	4.304697e-05
1.712500e+02	1.715000e+02	8.865972e-04	4.917957e-05	4.917957e-05
1.715000e+02	1.717500e+02	1.276700e-03	5.901548e-05	5.901548e-05
1.717500e+02	1.720000e+02	1.835938e-03	7.077022e-05	7.077022e-05
1.720000e+02	1.722500e+02	2.477016e-03	8.220267e-05	8.220267e-05
1.722500e+02	1.725000e+02	3.118094e-03	9.222871e-05	9.222871e-05
1.725000e+02	1.727500e+02	2.689800e-03	8.566067e-05	8.566067e-05
1.727500e+02	1.730000e+02	2.381536e-03	8.060280e-05	8.060280e-05
1.730000e+02	1.732500e+02	1.923234e-03	7.243319e-05	7.243319e-05
1.732500e+02	1.735000e+02	1.363996e-03	6.099974e-05	6.099974e-05
1.735000e+02	1.737500e+02	8.156696e-04	4.717138e-05	4.717138e-05
1.737500e+02	1.740000e+02	6.710860e-04	4.278688e-05	4.278688e-05
1.740000e+02	1.742500e+02	4.937664e-04	3.670137e-05	3.670137e-05
1.742500e+02	1.745000e+02	4.310228e-04	3.429032e-05	3.429032e-05
1.745000e+02	1.747500e+02	3.409989e-04	3.049987e-05	3.049987e-05
1.747500e+02	1.750000e+02	2.482472e-04	2.602338e-05	2.602338e-05
# END HISTO1D

