# BEGIN PLOT
LegendOnly=//nfs/dust/atlas/group/top/BS4Tops/r21/atlas-run3-multitops-bsm-joboptions/output/100004_13000GeV_418440/Rivet.yoda.gz/tttt_ttH/Inclusive_mTop3_zoomin //nfs/dust/atlas/group/top/BS4Tops/r21/atlas-run3-multitops-bsm-joboptions/output/100022_13000GeV_353862/Rivet.yoda.gz/tttt_ttH/Inclusive_mTop3_zoomin
DrawOnly=//nfs/dust/atlas/group/top/BS4Tops/r21/atlas-run3-multitops-bsm-joboptions/output/100004_13000GeV_418440/Rivet.yoda.gz/tttt_ttH/Inclusive_mTop3_zoomin //nfs/dust/atlas/group/top/BS4Tops/r21/atlas-run3-multitops-bsm-joboptions/output/100022_13000GeV_353862/Rivet.yoda.gz/tttt_ttH/Inclusive_mTop3_zoomin
RatioPlotReference=//nfs/dust/atlas/group/top/BS4Tops/r21/atlas-run3-multitops-bsm-joboptions/output/100004_13000GeV_418440/Rivet.yoda.gz/tttt_ttH/Inclusive_mTop3_zoomin
RatioPlot=1
LogY=1
RatioPlotYLabel=Ratio
Legend=1
# END PLOT

# BEGIN HISTO1D //nfs/dust/atlas/group/top/BS4Tops/r21/atlas-run3-multitops-bsm-joboptions/output/100004_13000GeV_418440/Rivet.yoda.gz/tttt_ttH/Inclusive_mTop3_zoomin
ErrorBars=1
LineColor=red
LineStyle=solid
Path=//nfs/dust/atlas/group/top/BS4Tops/r21/atlas-run3-multitops-bsm-joboptions/output/100004_13000GeV_418440/Rivet.yoda.gz/tttt_ttH/Inclusive_mTop3_zoomin
ScaledBy=9.99999999999904638e-05
Title=ttH(tt) 1.4 TeV
# xlow	 xhigh	 val	 errminus	 errplus
1.650000e+02	1.652500e+02	1.815132e-06	7.410246e-07	7.410246e-07
1.652500e+02	1.655000e+02	3.932786e-06	1.090759e-06	1.090759e-06
1.655000e+02	1.657500e+02	3.932786e-06	1.090759e-06	1.090759e-06
1.657500e+02	1.660000e+02	3.327742e-06	1.003352e-06	1.003352e-06
1.660000e+02	1.662500e+02	4.537832e-06	1.171663e-06	1.171663e-06
1.662500e+02	1.665000e+02	4.235308e-06	1.131934e-06	1.131934e-06
1.665000e+02	1.667500e+02	6.655484e-06	1.418954e-06	1.418954e-06
1.667500e+02	1.670000e+02	6.050440e-06	1.352920e-06	1.352920e-06
1.670000e+02	1.672500e+02	6.655484e-06	1.418954e-06	1.418954e-06
1.672500e+02	1.675000e+02	5.142876e-06	1.247330e-06	1.247330e-06
1.675000e+02	1.677500e+02	9.983228e-06	1.737857e-06	1.737857e-06
1.677500e+02	1.680000e+02	8.470616e-06	1.600796e-06	1.600796e-06
1.680000e+02	1.682500e+02	1.210088e-05	1.913317e-06	1.913317e-06
1.682500e+02	1.685000e+02	9.680704e-06	1.711323e-06	1.711323e-06
1.685000e+02	1.687500e+02	1.542862e-05	2.160439e-06	2.160439e-06
1.687500e+02	1.690000e+02	2.026898e-05	2.476249e-06	2.476249e-06
1.690000e+02	1.692500e+02	2.329420e-05	2.654620e-06	2.654620e-06
1.692500e+02	1.695000e+02	2.541185e-05	2.772660e-06	2.772660e-06
1.695000e+02	1.697500e+02	3.297490e-05	3.158423e-06	3.158423e-06
1.697500e+02	1.700000e+02	3.781525e-05	3.382299e-06	3.382299e-06
1.700000e+02	1.702500e+02	4.235308e-05	3.579489e-06	3.579489e-06
1.702500e+02	1.705000e+02	5.021864e-05	3.897724e-06	3.897724e-06
1.705000e+02	1.707500e+02	6.988260e-05	4.597937e-06	4.597937e-06
1.707500e+02	1.710000e+02	9.075660e-05	5.239835e-06	5.239835e-06
1.710000e+02	1.712500e+02	1.282693e-04	6.229310e-06	6.229310e-06
1.712500e+02	1.715000e+02	1.911939e-04	7.605286e-06	7.605286e-06
1.715000e+02	1.717500e+02	2.562362e-04	8.804379e-06	8.804379e-06
1.717500e+02	1.720000e+02	3.131103e-04	9.732562e-06	9.732562e-06
1.720000e+02	1.722500e+02	3.194632e-04	9.830802e-06	9.830802e-06
1.722500e+02	1.725000e+02	2.668244e-04	8.984446e-06	8.984446e-06
1.725000e+02	1.727500e+02	1.981519e-04	7.742437e-06	7.742437e-06
1.727500e+02	1.730000e+02	1.449080e-04	6.621017e-06	6.621017e-06
1.730000e+02	1.732500e+02	1.061852e-04	5.667749e-06	5.667749e-06
1.732500e+02	1.735000e+02	8.047084e-05	4.933985e-06	4.933985e-06
1.735000e+02	1.737500e+02	6.473972e-05	4.425515e-06	4.425515e-06
1.737500e+02	1.740000e+02	5.173128e-05	3.955989e-06	3.955989e-06
1.740000e+02	1.742500e+02	3.993291e-05	3.475713e-06	3.475713e-06
1.742500e+02	1.745000e+02	2.934464e-05	2.979496e-06	2.979496e-06
1.745000e+02	1.747500e+02	2.904212e-05	2.964099e-06	2.964099e-06
1.747500e+02	1.750000e+02	1.936141e-05	2.420176e-06	2.420176e-06
# END HISTO1D


# BEGIN HISTO1D //nfs/dust/atlas/group/top/BS4Tops/r21/atlas-run3-multitops-bsm-joboptions/output/100022_13000GeV_353862/Rivet.yoda.gz/tttt_ttH/Inclusive_mTop3_zoomin
ErrorBars=1
LineColor=blue
LineStyle=solid
Path=//nfs/dust/atlas/group/top/BS4Tops/r21/atlas-run3-multitops-bsm-joboptions/output/100022_13000GeV_353862/Rivet.yoda.gz/tttt_ttH/Inclusive_mTop3_zoomin
ScaledBy=9.99999999999971859e-05
Title=SM tttt (LO)
# xlow	 xhigh	 val	 errminus	 errplus
1.650000e+02	1.652500e+02	3.000790e-05	9.047724e-06	9.047724e-06
1.652500e+02	1.655000e+02	6.274380e-05	1.308298e-05	1.308298e-05
1.655000e+02	1.657500e+02	2.182393e-05	7.715925e-06	7.715925e-06
1.657500e+02	1.660000e+02	3.000790e-05	9.047724e-06	9.047724e-06
1.660000e+02	1.662500e+02	1.636795e-05	6.682186e-06	6.682186e-06
1.662500e+02	1.665000e+02	3.546389e-05	9.835913e-06	9.835913e-06
1.665000e+02	1.667500e+02	4.910384e-05	1.157389e-05	1.157389e-05
1.667500e+02	1.670000e+02	2.727992e-05	8.626667e-06	8.626667e-06
1.670000e+02	1.672500e+02	3.000790e-05	9.047724e-06	9.047724e-06
1.672500e+02	1.675000e+02	3.273590e-05	9.450040e-06	9.450040e-06
1.675000e+02	1.677500e+02	4.910384e-05	1.157389e-05	1.157389e-05
1.677500e+02	1.680000e+02	6.001580e-05	1.279541e-05	1.279541e-05
1.680000e+02	1.682500e+02	4.637584e-05	1.124780e-05	1.124780e-05
1.682500e+02	1.685000e+02	1.118476e-04	1.746767e-05	1.746767e-05
1.685000e+02	1.687500e+02	1.200316e-04	1.809545e-05	1.809545e-05
1.687500e+02	1.690000e+02	9.820768e-05	1.636795e-05	1.636795e-05
1.690000e+02	1.692500e+02	1.200316e-04	1.809545e-05	1.809545e-05
1.692500e+02	1.695000e+02	1.391276e-04	1.948176e-05	1.948176e-05
1.695000e+02	1.697500e+02	2.182393e-04	2.439990e-05	2.439990e-05
1.697500e+02	1.700000e+02	1.800474e-04	2.216231e-05	2.216231e-05
1.700000e+02	1.702500e+02	2.400632e-04	2.559083e-05	2.559083e-05
1.702500e+02	1.705000e+02	3.082630e-04	2.899895e-05	2.899895e-05
1.705000e+02	1.707500e+02	3.464549e-04	3.074290e-05	3.074290e-05
1.707500e+02	1.710000e+02	5.265024e-04	3.789847e-05	3.789847e-05
1.710000e+02	1.712500e+02	5.865180e-04	4.000020e-05	4.000020e-05
1.712500e+02	1.715000e+02	9.329732e-04	5.044940e-05	5.044940e-05
1.715000e+02	1.717500e+02	1.233052e-03	5.799789e-05	5.799789e-05
1.717500e+02	1.720000e+02	1.762282e-03	6.933607e-05	6.933607e-05
1.720000e+02	1.722500e+02	2.523392e-03	8.296862e-05	8.296862e-05
1.722500e+02	1.725000e+02	3.003518e-03	9.051836e-05	9.051836e-05
1.725000e+02	1.727500e+02	2.861663e-03	8.835492e-05	8.835492e-05
1.727500e+02	1.730000e+02	2.474288e-03	8.215739e-05	8.215739e-05
1.730000e+02	1.732500e+02	1.789562e-03	6.987067e-05	6.987067e-05
1.732500e+02	1.735000e+02	1.233052e-03	5.799789e-05	5.799789e-05
1.735000e+02	1.737500e+02	8.593172e-04	4.841704e-05	4.841704e-05
1.737500e+02	1.740000e+02	6.656300e-04	4.261258e-05	4.261258e-05
1.740000e+02	1.742500e+02	5.401424e-04	3.838624e-05	3.838624e-05
1.742500e+02	1.745000e+02	4.446628e-04	3.482866e-05	3.482866e-05
1.745000e+02	1.747500e+02	2.891671e-04	2.808639e-05	2.808639e-05
1.747500e+02	1.750000e+02	2.646152e-04	2.686760e-05	2.686760e-05
# END HISTO1D

