# BEGIN PLOT
LegendOnly=//nfs/dust/atlas/group/top/BS4Tops/r21/atlas-run3-multitops-bsm-joboptions/output/100004_13000GeV_418440/Rivet.yoda.gz/tttt_ttH/Inclusive_mTop4_zoomin //nfs/dust/atlas/group/top/BS4Tops/r21/atlas-run3-multitops-bsm-joboptions/output/100022_13000GeV_353862/Rivet.yoda.gz/tttt_ttH/Inclusive_mTop4_zoomin
DrawOnly=//nfs/dust/atlas/group/top/BS4Tops/r21/atlas-run3-multitops-bsm-joboptions/output/100004_13000GeV_418440/Rivet.yoda.gz/tttt_ttH/Inclusive_mTop4_zoomin //nfs/dust/atlas/group/top/BS4Tops/r21/atlas-run3-multitops-bsm-joboptions/output/100022_13000GeV_353862/Rivet.yoda.gz/tttt_ttH/Inclusive_mTop4_zoomin
RatioPlotReference=//nfs/dust/atlas/group/top/BS4Tops/r21/atlas-run3-multitops-bsm-joboptions/output/100004_13000GeV_418440/Rivet.yoda.gz/tttt_ttH/Inclusive_mTop4_zoomin
RatioPlot=1
LogY=1
RatioPlotYLabel=Ratio
Legend=1
# END PLOT

# BEGIN HISTO1D //nfs/dust/atlas/group/top/BS4Tops/r21/atlas-run3-multitops-bsm-joboptions/output/100004_13000GeV_418440/Rivet.yoda.gz/tttt_ttH/Inclusive_mTop4_zoomin
ErrorBars=1
LineColor=red
LineStyle=solid
Path=//nfs/dust/atlas/group/top/BS4Tops/r21/atlas-run3-multitops-bsm-joboptions/output/100004_13000GeV_418440/Rivet.yoda.gz/tttt_ttH/Inclusive_mTop4_zoomin
ScaledBy=9.99999999999904638e-05
Title=ttH(tt) 1.4 TeV
# xlow	 xhigh	 val	 errminus	 errplus
1.650000e+02	1.652500e+02	3.630264e-06	1.047967e-06	1.047967e-06
1.652500e+02	1.655000e+02	3.327742e-06	1.003352e-06	1.003352e-06
1.655000e+02	1.657500e+02	5.445396e-06	1.283492e-06	1.283492e-06
1.657500e+02	1.660000e+02	1.815132e-06	7.410246e-07	7.410246e-07
1.660000e+02	1.662500e+02	5.747920e-06	1.318663e-06	1.318663e-06
1.662500e+02	1.665000e+02	6.352964e-06	1.386330e-06	1.386330e-06
1.665000e+02	1.667500e+02	4.537832e-06	1.171663e-06	1.171663e-06
1.667500e+02	1.670000e+02	7.260528e-06	1.482049e-06	1.482049e-06
1.670000e+02	1.672500e+02	5.747920e-06	1.318663e-06	1.318663e-06
1.672500e+02	1.675000e+02	9.680704e-06	1.711323e-06	1.711323e-06
1.675000e+02	1.677500e+02	8.773140e-06	1.629131e-06	1.629131e-06
1.677500e+02	1.680000e+02	1.149584e-05	1.864871e-06	1.864871e-06
1.680000e+02	1.682500e+02	1.058827e-05	1.789745e-06	1.789745e-06
1.682500e+02	1.685000e+02	1.240340e-05	1.937086e-06	1.937086e-06
1.685000e+02	1.687500e+02	1.210088e-05	1.913317e-06	1.913317e-06
1.687500e+02	1.690000e+02	1.573114e-05	2.181517e-06	2.181517e-06
1.690000e+02	1.692500e+02	1.754628e-05	2.303939e-06	2.303939e-06
1.692500e+02	1.695000e+02	2.268915e-05	2.619918e-06	2.619918e-06
1.695000e+02	1.697500e+02	3.146229e-05	3.085131e-06	3.085131e-06
1.697500e+02	1.700000e+02	3.993291e-05	3.475713e-06	3.475713e-06
1.700000e+02	1.702500e+02	4.235308e-05	3.579489e-06	3.579489e-06
1.702500e+02	1.705000e+02	7.048764e-05	4.617799e-06	4.617799e-06
1.705000e+02	1.707500e+02	6.927756e-05	4.577989e-06	4.577989e-06
1.707500e+02	1.710000e+02	1.083029e-04	5.723985e-06	5.723985e-06
1.710000e+02	1.712500e+02	1.394626e-04	6.495424e-06	6.495424e-06
1.712500e+02	1.715000e+02	1.930090e-04	7.641301e-06	7.641301e-06
1.715000e+02	1.717500e+02	2.504882e-04	8.705068e-06	8.705068e-06
1.717500e+02	1.720000e+02	3.209759e-04	9.854049e-06	9.854049e-06
1.720000e+02	1.722500e+02	3.125052e-04	9.723154e-06	9.723154e-06
1.722500e+02	1.725000e+02	2.550261e-04	8.783565e-06	8.783565e-06
1.725000e+02	1.727500e+02	2.005721e-04	7.789575e-06	7.789575e-06
1.727500e+02	1.730000e+02	1.285719e-04	6.236652e-06	6.236652e-06
1.730000e+02	1.732500e+02	1.016474e-04	5.545320e-06	5.545320e-06
1.732500e+02	1.735000e+02	8.016832e-05	4.924702e-06	4.924702e-06
1.735000e+02	1.737500e+02	5.384892e-05	4.036147e-06	4.036147e-06
1.737500e+02	1.740000e+02	4.931108e-05	3.862343e-06	3.862343e-06
1.740000e+02	1.742500e+02	4.174804e-05	3.553829e-06	3.553829e-06
1.742500e+02	1.745000e+02	3.872282e-05	3.422646e-06	3.422646e-06
1.745000e+02	1.747500e+02	2.541185e-05	2.772660e-06	2.772660e-06
1.747500e+02	1.750000e+02	2.117654e-05	2.531081e-06	2.531081e-06
# END HISTO1D


# BEGIN HISTO1D //nfs/dust/atlas/group/top/BS4Tops/r21/atlas-run3-multitops-bsm-joboptions/output/100022_13000GeV_353862/Rivet.yoda.gz/tttt_ttH/Inclusive_mTop4_zoomin
ErrorBars=1
LineColor=blue
LineStyle=solid
Path=//nfs/dust/atlas/group/top/BS4Tops/r21/atlas-run3-multitops-bsm-joboptions/output/100022_13000GeV_353862/Rivet.yoda.gz/tttt_ttH/Inclusive_mTop4_zoomin
ScaledBy=9.99999999999971859e-05
Title=SM tttt (LO)
# xlow	 xhigh	 val	 errminus	 errplus
1.650000e+02	1.652500e+02	1.636795e-05	6.682186e-06	6.682186e-06
1.652500e+02	1.655000e+02	3.546389e-05	9.835913e-06	9.835913e-06
1.655000e+02	1.657500e+02	1.363996e-05	6.099974e-06	6.099974e-06
1.657500e+02	1.660000e+02	2.182393e-05	7.715925e-06	7.715925e-06
1.660000e+02	1.662500e+02	4.364788e-05	1.091197e-05	1.091197e-05
1.662500e+02	1.665000e+02	4.091988e-05	1.056547e-05	1.056547e-05
1.665000e+02	1.667500e+02	3.273590e-05	9.450040e-06	9.450040e-06
1.667500e+02	1.670000e+02	2.182393e-05	7.715925e-06	7.715925e-06
1.670000e+02	1.672500e+02	4.910384e-05	1.157389e-05	1.157389e-05
1.672500e+02	1.675000e+02	4.910384e-05	1.157389e-05	1.157389e-05
1.675000e+02	1.677500e+02	4.637584e-05	1.124780e-05	1.124780e-05
1.677500e+02	1.680000e+02	5.455984e-05	1.219995e-05	1.219995e-05
1.680000e+02	1.682500e+02	6.001580e-05	1.279541e-05	1.279541e-05
1.682500e+02	1.685000e+02	7.365576e-05	1.417506e-05	1.417506e-05
1.685000e+02	1.687500e+02	8.729572e-05	1.543185e-05	1.543185e-05
1.687500e+02	1.690000e+02	1.063917e-04	1.703630e-05	1.703630e-05
1.690000e+02	1.692500e+02	1.391276e-04	1.948176e-05	1.948176e-05
1.692500e+02	1.695000e+02	1.445836e-04	1.986008e-05	1.986008e-05
1.695000e+02	1.697500e+02	1.473115e-04	2.004656e-05	2.004656e-05
1.697500e+02	1.700000e+02	1.691355e-04	2.148023e-05	2.148023e-05
1.700000e+02	1.702500e+02	2.346073e-04	2.529835e-05	2.529835e-05
1.702500e+02	1.705000e+02	2.618872e-04	2.672875e-05	2.672875e-05
1.705000e+02	1.707500e+02	4.173828e-04	3.374339e-05	3.374339e-05
1.707500e+02	1.710000e+02	4.610304e-04	3.546389e-05	3.546389e-05
1.710000e+02	1.712500e+02	6.792700e-04	4.304697e-05	4.304697e-05
1.712500e+02	1.715000e+02	8.865972e-04	4.917957e-05	4.917957e-05
1.715000e+02	1.717500e+02	1.276700e-03	5.901548e-05	5.901548e-05
1.717500e+02	1.720000e+02	1.835938e-03	7.077022e-05	7.077022e-05
1.720000e+02	1.722500e+02	2.477016e-03	8.220267e-05	8.220267e-05
1.722500e+02	1.725000e+02	3.118094e-03	9.222871e-05	9.222871e-05
1.725000e+02	1.727500e+02	2.689800e-03	8.566067e-05	8.566067e-05
1.727500e+02	1.730000e+02	2.381536e-03	8.060280e-05	8.060280e-05
1.730000e+02	1.732500e+02	1.923234e-03	7.243319e-05	7.243319e-05
1.732500e+02	1.735000e+02	1.363996e-03	6.099974e-05	6.099974e-05
1.735000e+02	1.737500e+02	8.156696e-04	4.717138e-05	4.717138e-05
1.737500e+02	1.740000e+02	6.710860e-04	4.278688e-05	4.278688e-05
1.740000e+02	1.742500e+02	4.937664e-04	3.670137e-05	3.670137e-05
1.742500e+02	1.745000e+02	4.310228e-04	3.429032e-05	3.429032e-05
1.745000e+02	1.747500e+02	3.409989e-04	3.049987e-05	3.049987e-05
1.747500e+02	1.750000e+02	2.482472e-04	2.602338e-05	2.602338e-05
# END HISTO1D

