# BEGIN PLOT
LegendOnly=//nfs/dust/atlas/group/top/BS4Tops/r21/atlas-run3-multitops-bsm-joboptions/output/100004_13000GeV_418440/Rivet.yoda.gz/tttt_ttH/Inclusive_pT_ttbar12 //nfs/dust/atlas/group/top/BS4Tops/r21/atlas-run3-multitops-bsm-joboptions/output/100022_13000GeV_353862/Rivet.yoda.gz/tttt_ttH/Inclusive_pT_ttbar12
DrawOnly=//nfs/dust/atlas/group/top/BS4Tops/r21/atlas-run3-multitops-bsm-joboptions/output/100004_13000GeV_418440/Rivet.yoda.gz/tttt_ttH/Inclusive_pT_ttbar12 //nfs/dust/atlas/group/top/BS4Tops/r21/atlas-run3-multitops-bsm-joboptions/output/100022_13000GeV_353862/Rivet.yoda.gz/tttt_ttH/Inclusive_pT_ttbar12
RatioPlotReference=//nfs/dust/atlas/group/top/BS4Tops/r21/atlas-run3-multitops-bsm-joboptions/output/100004_13000GeV_418440/Rivet.yoda.gz/tttt_ttH/Inclusive_pT_ttbar12
RatioPlot=1
LogY=1
RatioPlotYLabel=Ratio
Legend=1
# END PLOT

# BEGIN HISTO1D //nfs/dust/atlas/group/top/BS4Tops/r21/atlas-run3-multitops-bsm-joboptions/output/100004_13000GeV_418440/Rivet.yoda.gz/tttt_ttH/Inclusive_pT_ttbar12
ErrorBars=1
LineColor=red
LineStyle=solid
Path=//nfs/dust/atlas/group/top/BS4Tops/r21/atlas-run3-multitops-bsm-joboptions/output/100004_13000GeV_418440/Rivet.yoda.gz/tttt_ttH/Inclusive_pT_ttbar12
ScaledBy=9.99999999999904638e-05
Title=ttH(tt) 1.4 TeV
# xlow	 xhigh	 val	 errminus	 errplus
0.000000e+00	4.000000e+01	3.441188e-07	2.550778e-08	2.550778e-08
4.000000e+01	8.000000e+01	1.013449e-06	4.377432e-08	4.377432e-08
8.000000e+01	1.200000e+02	1.546644e-06	5.407713e-08	5.407713e-08
1.200000e+02	1.600000e+02	1.796224e-06	5.827722e-08	5.827722e-08
1.600000e+02	2.000000e+02	1.898326e-06	5.991063e-08	5.991063e-08
2.000000e+02	2.400000e+02	1.851057e-06	5.916003e-08	5.916003e-08
2.400000e+02	2.800000e+02	1.813242e-06	5.855262e-08	5.855262e-08
2.800000e+02	3.200000e+02	1.527736e-06	5.374558e-08	5.374558e-08
3.200000e+02	3.600000e+02	1.467232e-06	5.267055e-08	5.267055e-08
3.600000e+02	4.000000e+02	1.164710e-06	4.692750e-08	4.692750e-08
4.000000e+02	4.400000e+02	1.028575e-06	4.409979e-08	4.409979e-08
4.400000e+02	4.800000e+02	7.922295e-07	3.870295e-08	3.870295e-08
4.800000e+02	5.200000e+02	5.880272e-07	3.334396e-08	3.334396e-08
5.200000e+02	5.600000e+02	5.010520e-07	3.077939e-08	3.077939e-08
5.600000e+02	6.000000e+02	3.876063e-07	2.707161e-08	2.707161e-08
6.000000e+02	6.400000e+02	2.741605e-07	2.276780e-08	2.276780e-08
6.400000e+02	6.800000e+02	2.136562e-07	2.009908e-08	2.009908e-08
6.800000e+02	7.200000e+02	1.455887e-07	1.659138e-08	1.659138e-08
7.200000e+02	7.600000e+02	1.096642e-07	1.439962e-08	1.439962e-08
7.600000e+02	8.000000e+02	1.285719e-07	1.559163e-08	1.559163e-08
8.000000e+02	8.400000e+02	6.806745e-08	1.134457e-08	1.134457e-08
8.400000e+02	8.800000e+02	5.672288e-08	1.035613e-08	1.035613e-08
8.800000e+02	9.200000e+02	4.726907e-08	9.453812e-09	9.453812e-09
9.200000e+02	9.600000e+02	3.025220e-08	7.563051e-09	7.563051e-09
9.600000e+02	1.000000e+03	1.701686e-08	5.672288e-09	5.672288e-09
# END HISTO1D


# BEGIN HISTO1D //nfs/dust/atlas/group/top/BS4Tops/r21/atlas-run3-multitops-bsm-joboptions/output/100022_13000GeV_353862/Rivet.yoda.gz/tttt_ttH/Inclusive_pT_ttbar12
ErrorBars=1
LineColor=blue
LineStyle=solid
Path=//nfs/dust/atlas/group/top/BS4Tops/r21/atlas-run3-multitops-bsm-joboptions/output/100022_13000GeV_353862/Rivet.yoda.gz/tttt_ttH/Inclusive_pT_ttbar12
ScaledBy=9.99999999999971859e-05
Title=SM tttt (LO)
# xlow	 xhigh	 val	 errminus	 errplus
0.000000e+00	4.000000e+01	1.350356e-05	4.798280e-07	4.798280e-07
4.000000e+01	8.000000e+01	2.864390e-05	6.988398e-07	6.988398e-07
8.000000e+01	1.200000e+02	3.203685e-05	7.390714e-07	7.390714e-07
1.200000e+02	1.600000e+02	2.792780e-05	6.900490e-07	6.900490e-07
1.600000e+02	2.000000e+02	2.197738e-05	6.121382e-07	6.121382e-07
2.000000e+02	2.400000e+02	1.616335e-05	5.249612e-07	5.249612e-07
2.400000e+02	2.800000e+02	1.113362e-05	4.356921e-07	4.356921e-07
2.800000e+02	3.200000e+02	6.478980e-06	3.323646e-07	3.323646e-07
3.200000e+02	3.600000e+02	4.228388e-06	2.685028e-07	2.685028e-07
3.600000e+02	4.000000e+02	2.966690e-06	2.249042e-07	2.249042e-07
4.000000e+02	4.400000e+02	2.148293e-06	1.913852e-07	1.913852e-07
4.400000e+02	4.800000e+02	1.193496e-06	1.426501e-07	1.426501e-07
4.800000e+02	5.200000e+02	6.990477e-07	1.091729e-07	1.091729e-07
5.200000e+02	5.600000e+02	5.285483e-07	9.493007e-08	9.493007e-08
5.600000e+02	6.000000e+02	2.898490e-07	7.029873e-08	7.029873e-08
6.000000e+02	6.400000e+02	1.875494e-07	5.654828e-08	5.654828e-08
6.400000e+02	6.800000e+02	1.704995e-07	5.391667e-08	5.391667e-08
6.800000e+02	7.200000e+02	3.409990e-08	2.411227e-08	2.411227e-08
7.200000e+02	7.600000e+02	1.704995e-08	1.704995e-08	1.704995e-08
7.600000e+02	8.000000e+02	5.114985e-08	2.953137e-08	2.953137e-08
8.000000e+02	8.400000e+02	3.409990e-08	2.411227e-08	2.411227e-08
8.400000e+02	8.800000e+02	3.409990e-08	2.411227e-08	2.411227e-08
8.800000e+02	9.200000e+02	0.000000e+00	0.000000e+00	0.000000e+00
9.200000e+02	9.600000e+02	0.000000e+00	0.000000e+00	0.000000e+00
9.600000e+02	1.000000e+03	0.000000e+00	0.000000e+00	0.000000e+00
# END HISTO1D

