# BEGIN PLOT
LegendOnly=//nfs/dust/atlas/group/top/BS4Tops/r21/atlas-run3-multitops-bsm-joboptions/output/100010_13000GeV_446900/Rivet.yoda.gz/tttt_ttH/Inclusive_mTop1_zoomin //nfs/dust/atlas/group/top/BS4Tops/r21/atlas-run3-multitops-bsm-joboptions/output/100022_13000GeV_353862/Rivet.yoda.gz/tttt_ttH/Inclusive_mTop1_zoomin
DrawOnly=//nfs/dust/atlas/group/top/BS4Tops/r21/atlas-run3-multitops-bsm-joboptions/output/100010_13000GeV_446900/Rivet.yoda.gz/tttt_ttH/Inclusive_mTop1_zoomin //nfs/dust/atlas/group/top/BS4Tops/r21/atlas-run3-multitops-bsm-joboptions/output/100022_13000GeV_353862/Rivet.yoda.gz/tttt_ttH/Inclusive_mTop1_zoomin
RatioPlotReference=//nfs/dust/atlas/group/top/BS4Tops/r21/atlas-run3-multitops-bsm-joboptions/output/100010_13000GeV_446900/Rivet.yoda.gz/tttt_ttH/Inclusive_mTop1_zoomin
RatioPlot=1
LogY=1
RatioPlotYLabel=Ratio
Legend=1
# END PLOT

# BEGIN HISTO1D //nfs/dust/atlas/group/top/BS4Tops/r21/atlas-run3-multitops-bsm-joboptions/output/100010_13000GeV_446900/Rivet.yoda.gz/tttt_ttH/Inclusive_mTop1_zoomin
ErrorBars=1
LineColor=red
LineStyle=solid
Path=//nfs/dust/atlas/group/top/BS4Tops/r21/atlas-run3-multitops-bsm-joboptions/output/100010_13000GeV_446900/Rivet.yoda.gz/tttt_ttH/Inclusive_mTop1_zoomin
ScaledBy=1.00000000000004951e-04
Title=ttH(tt) 2 TeV
# xlow	 xhigh	 val	 errminus	 errplus
1.650000e+02	1.652500e+02	5.723548e-07	1.477814e-07	1.477814e-07
1.652500e+02	1.655000e+02	2.670990e-07	1.009539e-07	1.009539e-07
1.655000e+02	1.657500e+02	5.341980e-07	1.427704e-07	1.427704e-07
1.657500e+02	1.660000e+02	6.105120e-07	1.526280e-07	1.526280e-07
1.660000e+02	1.662500e+02	6.486688e-07	1.573253e-07	1.573253e-07
1.662500e+02	1.665000e+02	6.105120e-07	1.526280e-07	1.526280e-07
1.665000e+02	1.667500e+02	5.341980e-07	1.427704e-07	1.427704e-07
1.667500e+02	1.670000e+02	8.394540e-07	1.789722e-07	1.789722e-07
1.670000e+02	1.672500e+02	6.868260e-07	1.618864e-07	1.618864e-07
1.672500e+02	1.675000e+02	9.539248e-07	1.907850e-07	1.907850e-07
1.675000e+02	1.677500e+02	6.486688e-07	1.573253e-07	1.573253e-07
1.677500e+02	1.680000e+02	1.373652e-06	2.289420e-07	2.289420e-07
1.680000e+02	1.682500e+02	1.297338e-06	2.224916e-07	2.224916e-07
1.682500e+02	1.685000e+02	1.526280e-06	2.413260e-07	2.413260e-07
1.685000e+02	1.687500e+02	2.060478e-06	2.803955e-07	2.803955e-07
1.687500e+02	1.690000e+02	2.060478e-06	2.803955e-07	2.803955e-07
1.690000e+02	1.692500e+02	2.670990e-06	3.192443e-07	3.192443e-07
1.692500e+02	1.695000e+02	2.251263e-06	2.930894e-07	2.930894e-07
1.695000e+02	1.697500e+02	3.281502e-06	3.538534e-07	3.538534e-07
1.697500e+02	1.700000e+02	4.273584e-06	4.038156e-07	4.038156e-07
1.700000e+02	1.702500e+02	5.113036e-06	4.416991e-07	4.416991e-07
1.702500e+02	1.705000e+02	6.524848e-06	4.989674e-07	4.989674e-07
1.705000e+02	1.707500e+02	1.045502e-05	6.316106e-07	6.316106e-07
1.707500e+02	1.710000e+02	1.247734e-05	6.899984e-07	6.899984e-07
1.710000e+02	1.712500e+02	1.724696e-05	8.112289e-07	8.112289e-07
1.712500e+02	1.715000e+02	2.369550e-05	9.508675e-07	9.508675e-07
1.715000e+02	1.717500e+02	3.048744e-05	1.078568e-06	1.078568e-06
1.717500e+02	1.720000e+02	4.059904e-05	1.244644e-06	1.244644e-06
1.720000e+02	1.722500e+02	4.082800e-05	1.248148e-06	1.248148e-06
1.722500e+02	1.725000e+02	3.533338e-05	1.161127e-06	1.161127e-06
1.725000e+02	1.727500e+02	2.453495e-05	9.675640e-07	9.675640e-07
1.727500e+02	1.730000e+02	1.686539e-05	8.022050e-07	8.022050e-07
1.730000e+02	1.732500e+02	1.358389e-05	7.199448e-07	7.199448e-07
1.732500e+02	1.735000e+02	1.087474e-05	6.441642e-07	6.441642e-07
1.735000e+02	1.737500e+02	8.203756e-06	5.594913e-07	5.594913e-07
1.737500e+02	1.740000e+02	6.334060e-06	4.916186e-07	4.916186e-07
1.740000e+02	1.742500e+02	4.006484e-06	3.909929e-07	3.909929e-07
1.742500e+02	1.745000e+02	3.548601e-06	3.679728e-07	3.679728e-07
1.745000e+02	1.747500e+02	3.243345e-06	3.517901e-07	3.517901e-07
1.747500e+02	1.750000e+02	2.976246e-06	3.369935e-07	3.369935e-07
# END HISTO1D


# BEGIN HISTO1D //nfs/dust/atlas/group/top/BS4Tops/r21/atlas-run3-multitops-bsm-joboptions/output/100022_13000GeV_353862/Rivet.yoda.gz/tttt_ttH/Inclusive_mTop1_zoomin
ErrorBars=1
LineColor=blue
LineStyle=solid
Path=//nfs/dust/atlas/group/top/BS4Tops/r21/atlas-run3-multitops-bsm-joboptions/output/100022_13000GeV_353862/Rivet.yoda.gz/tttt_ttH/Inclusive_mTop1_zoomin
ScaledBy=9.99999999999971859e-05
Title=SM tttt (LO)
# xlow	 xhigh	 val	 errminus	 errplus
1.650000e+02	1.652500e+02	2.455192e-05	8.183975e-06	8.183975e-06
1.652500e+02	1.655000e+02	2.727992e-05	8.626667e-06	8.626667e-06
1.655000e+02	1.657500e+02	2.455192e-05	8.183975e-06	8.183975e-06
1.657500e+02	1.660000e+02	1.909594e-05	7.217587e-06	7.217587e-06
1.660000e+02	1.662500e+02	3.546389e-05	9.835913e-06	9.835913e-06
1.662500e+02	1.665000e+02	4.910384e-05	1.157389e-05	1.157389e-05
1.665000e+02	1.667500e+02	4.091988e-05	1.056547e-05	1.056547e-05
1.667500e+02	1.670000e+02	5.728784e-05	1.250123e-05	1.250123e-05
1.670000e+02	1.672500e+02	6.274380e-05	1.308298e-05	1.308298e-05
1.672500e+02	1.675000e+02	7.092776e-05	1.391008e-05	1.391008e-05
1.675000e+02	1.677500e+02	6.274380e-05	1.308298e-05	1.308298e-05
1.677500e+02	1.680000e+02	8.183976e-05	1.494182e-05	1.494182e-05
1.680000e+02	1.682500e+02	7.365576e-05	1.417506e-05	1.417506e-05
1.682500e+02	1.685000e+02	6.274380e-05	1.308298e-05	1.308298e-05
1.685000e+02	1.687500e+02	1.036637e-04	1.681647e-05	1.681647e-05
1.687500e+02	1.690000e+02	1.363996e-04	1.928981e-05	1.928981e-05
1.690000e+02	1.692500e+02	1.309436e-04	1.890008e-05	1.890008e-05
1.692500e+02	1.695000e+02	1.582235e-04	2.077576e-05	2.077576e-05
1.695000e+02	1.697500e+02	1.473115e-04	2.004656e-05	2.004656e-05
1.697500e+02	1.700000e+02	1.991434e-04	2.330797e-05	2.330797e-05
1.700000e+02	1.702500e+02	2.400632e-04	2.559083e-05	2.559083e-05
1.702500e+02	1.705000e+02	3.028070e-04	2.874117e-05	2.874117e-05
1.705000e+02	1.707500e+02	4.337508e-04	3.439866e-05	3.439866e-05
1.707500e+02	1.710000e+02	4.910384e-04	3.659984e-05	3.659984e-05
1.710000e+02	1.712500e+02	6.819980e-04	4.313334e-05	4.313334e-05
1.712500e+02	1.715000e+02	8.647732e-04	4.857051e-05	4.857051e-05
1.715000e+02	1.717500e+02	1.238508e-03	5.812607e-05	5.812607e-05
1.717500e+02	1.720000e+02	1.735002e-03	6.879733e-05	6.879733e-05
1.720000e+02	1.722500e+02	2.299697e-03	7.920577e-05	7.920577e-05
1.722500e+02	1.725000e+02	2.888943e-03	8.877506e-05	8.877506e-05
1.725000e+02	1.727500e+02	3.033526e-03	9.096941e-05	9.096941e-05
1.727500e+02	1.730000e+02	2.433368e-03	8.147520e-05	8.147520e-05
1.730000e+02	1.732500e+02	1.767738e-03	6.944333e-05	6.944333e-05
1.732500e+02	1.735000e+02	1.303980e-03	5.964266e-05	5.964266e-05
1.735000e+02	1.737500e+02	9.629808e-04	5.125430e-05	5.125430e-05
1.737500e+02	1.740000e+02	6.165260e-04	4.101071e-05	4.101071e-05
1.740000e+02	1.742500e+02	5.428704e-04	3.848306e-05	3.848306e-05
1.742500e+02	1.745000e+02	4.119268e-04	3.352212e-05	3.352212e-05
1.745000e+02	1.747500e+02	3.355430e-04	3.025489e-05	3.025489e-05
1.747500e+02	1.750000e+02	2.618872e-04	2.672875e-05	2.672875e-05
# END HISTO1D

