# BEGIN PLOT
LegendOnly=//nfs/dust/atlas/group/top/BS4Tops/r21/atlas-run3-multitops-bsm-joboptions/output/100011_13000GeV_267716/Rivet.yoda.gz/tttt_ttH_1LOS/Inclusive_e0Pt_15GeV_2 //nfs/dust/atlas/group/top/BS4Tops/r21/atlas-run3-multitops-bsm-joboptions/output/100022_13000GeV_353862/Rivet.yoda.gz/tttt_ttH_1LOS/Inclusive_e0Pt_15GeV_2
DrawOnly=//nfs/dust/atlas/group/top/BS4Tops/r21/atlas-run3-multitops-bsm-joboptions/output/100011_13000GeV_267716/Rivet.yoda.gz/tttt_ttH_1LOS/Inclusive_e0Pt_15GeV_2 //nfs/dust/atlas/group/top/BS4Tops/r21/atlas-run3-multitops-bsm-joboptions/output/100022_13000GeV_353862/Rivet.yoda.gz/tttt_ttH_1LOS/Inclusive_e0Pt_15GeV_2
RatioPlotReference=//nfs/dust/atlas/group/top/BS4Tops/r21/atlas-run3-multitops-bsm-joboptions/output/100011_13000GeV_267716/Rivet.yoda.gz/tttt_ttH_1LOS/Inclusive_e0Pt_15GeV_2
RatioPlot=1
LogY=1
RatioPlotYLabel=Ratio
Legend=1
# END PLOT

# BEGIN HISTO1D //nfs/dust/atlas/group/top/BS4Tops/r21/atlas-run3-multitops-bsm-joboptions/output/100011_13000GeV_267716/Rivet.yoda.gz/tttt_ttH_1LOS/Inclusive_e0Pt_15GeV_2
ErrorBars=1
LineColor=red
LineStyle=solid
Path=//nfs/dust/atlas/group/top/BS4Tops/r21/atlas-run3-multitops-bsm-joboptions/output/100011_13000GeV_267716/Rivet.yoda.gz/tttt_ttH_1LOS/Inclusive_e0Pt_15GeV_2
ScaledBy=9.99999999999890679e-05
Title=ttH(tt) 2.1 TeV
# xlow	 xhigh	 val	 errminus	 errplus
0.000000e+00	3.000000e+01	1.339963e-07	5.647269e-09	5.647269e-09
3.000000e+01	6.000000e+01	2.437161e-07	7.616128e-09	7.616128e-09
6.000000e+01	9.000000e+01	1.751710e-07	6.456887e-09	6.456887e-09
9.000000e+01	1.200000e+02	1.213820e-07	5.374887e-09	5.374887e-09
1.200000e+02	1.500000e+02	8.853750e-08	4.590455e-09	4.590455e-09
1.500000e+02	1.800000e+02	6.211903e-08	3.845072e-09	3.845072e-09
1.800000e+02	2.100000e+02	5.854900e-08	3.732946e-09	3.732946e-09
2.100000e+02	2.400000e+02	4.474477e-08	3.263347e-09	3.263347e-09
2.400000e+02	2.700000e+02	3.736663e-08	2.982182e-09	2.982182e-09
2.700000e+02	3.000000e+02	2.903649e-08	2.628840e-09	2.628840e-09
3.000000e+02	3.300000e+02	2.403841e-08	2.391911e-09	2.391911e-09
3.300000e+02	3.600000e+02	1.808831e-08	2.074871e-09	2.074871e-09
3.600000e+02	3.900000e+02	1.523226e-08	1.904032e-09	1.904032e-09
3.900000e+02	4.200000e+02	1.642228e-08	1.977010e-09	1.977010e-09
4.200000e+02	4.500000e+02	1.071018e-08	1.596579e-09	1.596579e-09
4.500000e+02	4.800000e+02	9.044153e-09	1.467155e-09	1.467155e-09
4.800000e+02	5.100000e+02	7.140120e-09	1.303602e-09	1.303602e-09
5.100000e+02	5.400000e+02	4.522077e-09	1.037435e-09	1.037435e-09
5.400000e+02	5.700000e+02	6.902117e-09	1.281691e-09	1.281691e-09
5.700000e+02	6.000000e+02	3.570060e-09	9.217856e-10	9.217856e-10
6.000000e+02	6.300000e+02	4.522077e-09	1.037435e-09	1.037435e-09
6.300000e+02	6.600000e+02	3.570060e-09	9.217856e-10	9.217856e-10
6.600000e+02	6.900000e+02	1.904032e-09	6.731770e-10	6.731770e-10
6.900000e+02	7.200000e+02	3.570060e-09	9.217856e-10	9.217856e-10
7.200000e+02	7.500000e+02	1.428024e-09	5.829884e-10	5.829884e-10
7.500000e+02	7.800000e+02	2.380040e-09	7.526348e-10	7.526348e-10
7.800000e+02	8.100000e+02	4.760080e-10	3.365884e-10	3.365884e-10
8.100000e+02	8.400000e+02	1.904032e-09	6.731770e-10	6.731770e-10
8.400000e+02	8.700000e+02	2.380040e-10	2.380040e-10	2.380040e-10
8.700000e+02	9.000000e+02	0.000000e+00	0.000000e+00	0.000000e+00
9.000000e+02	9.300000e+02	4.760080e-10	3.365884e-10	3.365884e-10
9.300000e+02	9.600000e+02	2.380040e-10	2.380040e-10	2.380040e-10
9.600000e+02	9.900000e+02	0.000000e+00	0.000000e+00	0.000000e+00
9.900000e+02	1.020000e+03	2.380040e-10	2.380040e-10	2.380040e-10
1.020000e+03	1.050000e+03	0.000000e+00	0.000000e+00	0.000000e+00
1.050000e+03	1.080000e+03	4.760080e-10	3.365884e-10	3.365884e-10
1.080000e+03	1.110000e+03	2.380040e-10	2.380040e-10	2.380040e-10
1.110000e+03	1.140000e+03	0.000000e+00	0.000000e+00	0.000000e+00
1.140000e+03	1.170000e+03	0.000000e+00	0.000000e+00	0.000000e+00
1.170000e+03	1.200000e+03	0.000000e+00	0.000000e+00	0.000000e+00
# END HISTO1D


# BEGIN HISTO1D //nfs/dust/atlas/group/top/BS4Tops/r21/atlas-run3-multitops-bsm-joboptions/output/100022_13000GeV_353862/Rivet.yoda.gz/tttt_ttH_1LOS/Inclusive_e0Pt_15GeV_2
ErrorBars=1
LineColor=blue
LineStyle=solid
Path=//nfs/dust/atlas/group/top/BS4Tops/r21/atlas-run3-multitops-bsm-joboptions/output/100022_13000GeV_353862/Rivet.yoda.gz/tttt_ttH_1LOS/Inclusive_e0Pt_15GeV_2
ScaledBy=9.99999999999971859e-05
Title=SM tttt (LO)
# xlow	 xhigh	 val	 errminus	 errplus
0.000000e+00	3.000000e+01	1.623155e-05	6.074505e-07	6.074505e-07
3.000000e+01	6.000000e+01	2.712078e-05	7.852030e-07	7.852030e-07
6.000000e+01	9.000000e+01	1.564048e-05	5.962879e-07	5.962879e-07
9.000000e+01	1.200000e+02	8.661373e-06	4.437355e-07	4.437355e-07
1.200000e+02	1.500000e+02	5.024050e-06	3.379543e-07	3.379543e-07
1.500000e+02	1.800000e+02	2.955324e-06	2.591991e-07	2.591991e-07
1.800000e+02	2.100000e+02	2.273326e-06	2.273326e-07	2.273326e-07
2.100000e+02	2.400000e+02	1.159396e-06	1.623480e-07	1.623480e-07
2.400000e+02	2.700000e+02	6.819980e-07	1.245152e-07	1.245152e-07
2.700000e+02	3.000000e+02	3.637323e-07	9.093305e-08	9.093305e-08
3.000000e+02	3.300000e+02	2.727991e-07	7.875033e-08	7.875033e-08
3.300000e+02	3.600000e+02	1.818661e-07	6.429938e-08	6.429938e-08
3.600000e+02	3.900000e+02	1.363996e-07	5.568489e-08	5.568489e-08
3.900000e+02	4.200000e+02	4.546653e-08	3.214969e-08	3.214969e-08
4.200000e+02	4.500000e+02	6.819980e-08	3.937516e-08	3.937516e-08
4.500000e+02	4.800000e+02	4.546653e-08	3.214969e-08	3.214969e-08
4.800000e+02	5.100000e+02	4.546653e-08	3.214969e-08	3.214969e-08
5.100000e+02	5.400000e+02	0.000000e+00	0.000000e+00	0.000000e+00
5.400000e+02	5.700000e+02	0.000000e+00	0.000000e+00	0.000000e+00
5.700000e+02	6.000000e+02	0.000000e+00	0.000000e+00	0.000000e+00
6.000000e+02	6.300000e+02	4.546653e-08	3.214969e-08	3.214969e-08
6.300000e+02	6.600000e+02	0.000000e+00	0.000000e+00	0.000000e+00
6.600000e+02	6.900000e+02	0.000000e+00	0.000000e+00	0.000000e+00
6.900000e+02	7.200000e+02	0.000000e+00	0.000000e+00	0.000000e+00
7.200000e+02	7.500000e+02	0.000000e+00	0.000000e+00	0.000000e+00
7.500000e+02	7.800000e+02	0.000000e+00	0.000000e+00	0.000000e+00
7.800000e+02	8.100000e+02	0.000000e+00	0.000000e+00	0.000000e+00
8.100000e+02	8.400000e+02	0.000000e+00	0.000000e+00	0.000000e+00
8.400000e+02	8.700000e+02	0.000000e+00	0.000000e+00	0.000000e+00
8.700000e+02	9.000000e+02	0.000000e+00	0.000000e+00	0.000000e+00
9.000000e+02	9.300000e+02	0.000000e+00	0.000000e+00	0.000000e+00
9.300000e+02	9.600000e+02	0.000000e+00	0.000000e+00	0.000000e+00
9.600000e+02	9.900000e+02	0.000000e+00	0.000000e+00	0.000000e+00
9.900000e+02	1.020000e+03	0.000000e+00	0.000000e+00	0.000000e+00
1.020000e+03	1.050000e+03	0.000000e+00	0.000000e+00	0.000000e+00
1.050000e+03	1.080000e+03	0.000000e+00	0.000000e+00	0.000000e+00
1.080000e+03	1.110000e+03	0.000000e+00	0.000000e+00	0.000000e+00
1.110000e+03	1.140000e+03	0.000000e+00	0.000000e+00	0.000000e+00
1.140000e+03	1.170000e+03	0.000000e+00	0.000000e+00	0.000000e+00
1.170000e+03	1.200000e+03	0.000000e+00	0.000000e+00	0.000000e+00
# END HISTO1D

