# BEGIN PLOT
LegendOnly=//nfs/dust/atlas/group/top/BS4Tops/r21/atlas-run3-multitops-bsm-joboptions/output/100000_13000GeV_472346/Rivet.yoda.gz/tttt_ttH_1LOS/Inclusive_mu0Pt_15GeV_2 //nfs/dust/atlas/group/top/BS4Tops/r21/atlas-run3-multitops-bsm-joboptions/output/100022_13000GeV_353862/Rivet.yoda.gz/tttt_ttH_1LOS/Inclusive_mu0Pt_15GeV_2
DrawOnly=//nfs/dust/atlas/group/top/BS4Tops/r21/atlas-run3-multitops-bsm-joboptions/output/100000_13000GeV_472346/Rivet.yoda.gz/tttt_ttH_1LOS/Inclusive_mu0Pt_15GeV_2 //nfs/dust/atlas/group/top/BS4Tops/r21/atlas-run3-multitops-bsm-joboptions/output/100022_13000GeV_353862/Rivet.yoda.gz/tttt_ttH_1LOS/Inclusive_mu0Pt_15GeV_2
RatioPlotReference=//nfs/dust/atlas/group/top/BS4Tops/r21/atlas-run3-multitops-bsm-joboptions/output/100000_13000GeV_472346/Rivet.yoda.gz/tttt_ttH_1LOS/Inclusive_mu0Pt_15GeV_2
RatioPlot=1
LogY=1
RatioPlotYLabel=Ratio
Legend=1
# END PLOT

# BEGIN HISTO1D //nfs/dust/atlas/group/top/BS4Tops/r21/atlas-run3-multitops-bsm-joboptions/output/100000_13000GeV_472346/Rivet.yoda.gz/tttt_ttH_1LOS/Inclusive_mu0Pt_15GeV_2
ErrorBars=1
LineColor=red
LineStyle=solid
Path=//nfs/dust/atlas/group/top/BS4Tops/r21/atlas-run3-multitops-bsm-joboptions/output/100000_13000GeV_472346/Rivet.yoda.gz/tttt_ttH_1LOS/Inclusive_mu0Pt_15GeV_2
ScaledBy=1.00000000000008800e-04
Title=ttH(tt) 1 TeV
# xlow	 xhigh	 val	 errminus	 errplus
0.000000e+00	3.000000e+01	1.050967e-05	4.006775e-07	4.006775e-07
3.000000e+01	6.000000e+01	1.883492e-05	5.363920e-07	5.363920e-07
6.000000e+01	9.000000e+01	1.273992e-05	4.411475e-07	4.411475e-07
9.000000e+01	1.200000e+02	8.157217e-06	3.529973e-07	3.529973e-07
1.200000e+02	1.500000e+02	5.758933e-06	2.966002e-07	2.966002e-07
1.500000e+02	1.800000e+02	4.491053e-06	2.619235e-07	2.619235e-07
1.800000e+02	2.100000e+02	2.932932e-06	2.116661e-07	2.116661e-07
2.100000e+02	2.400000e+02	2.153872e-06	1.813887e-07	1.813887e-07
2.400000e+02	2.700000e+02	1.283158e-06	1.400040e-07	1.400040e-07
2.700000e+02	3.000000e+02	1.023471e-06	1.250369e-07	1.250369e-07
3.000000e+02	3.300000e+02	5.957517e-07	9.539663e-08	9.539663e-08
3.300000e+02	3.600000e+02	5.346490e-07	9.037219e-08	9.037219e-08
3.600000e+02	3.900000e+02	3.513407e-07	7.325962e-08	7.325962e-08
3.900000e+02	4.200000e+02	3.055137e-07	6.831495e-08	6.831495e-08
4.200000e+02	4.500000e+02	4.582707e-08	2.645827e-08	2.645827e-08
4.500000e+02	4.800000e+02	1.374812e-07	4.582707e-08	4.582707e-08
4.800000e+02	5.100000e+02	1.069298e-07	4.041567e-08	4.041567e-08
5.100000e+02	5.400000e+02	9.165413e-08	3.741764e-08	3.741764e-08
5.400000e+02	5.700000e+02	6.110273e-08	3.055137e-08	3.055137e-08
5.700000e+02	6.000000e+02	3.055137e-08	2.160308e-08	2.160308e-08
6.000000e+02	6.300000e+02	0.000000e+00	0.000000e+00	0.000000e+00
6.300000e+02	6.600000e+02	0.000000e+00	0.000000e+00	0.000000e+00
6.600000e+02	6.900000e+02	0.000000e+00	0.000000e+00	0.000000e+00
6.900000e+02	7.200000e+02	0.000000e+00	0.000000e+00	0.000000e+00
7.200000e+02	7.500000e+02	0.000000e+00	0.000000e+00	0.000000e+00
7.500000e+02	7.800000e+02	0.000000e+00	0.000000e+00	0.000000e+00
7.800000e+02	8.100000e+02	0.000000e+00	0.000000e+00	0.000000e+00
8.100000e+02	8.400000e+02	0.000000e+00	0.000000e+00	0.000000e+00
8.400000e+02	8.700000e+02	0.000000e+00	0.000000e+00	0.000000e+00
8.700000e+02	9.000000e+02	0.000000e+00	0.000000e+00	0.000000e+00
9.000000e+02	9.300000e+02	0.000000e+00	0.000000e+00	0.000000e+00
9.300000e+02	9.600000e+02	0.000000e+00	0.000000e+00	0.000000e+00
9.600000e+02	9.900000e+02	0.000000e+00	0.000000e+00	0.000000e+00
9.900000e+02	1.020000e+03	0.000000e+00	0.000000e+00	0.000000e+00
1.020000e+03	1.050000e+03	0.000000e+00	0.000000e+00	0.000000e+00
1.050000e+03	1.080000e+03	0.000000e+00	0.000000e+00	0.000000e+00
1.080000e+03	1.110000e+03	0.000000e+00	0.000000e+00	0.000000e+00
1.110000e+03	1.140000e+03	0.000000e+00	0.000000e+00	0.000000e+00
1.140000e+03	1.170000e+03	0.000000e+00	0.000000e+00	0.000000e+00
1.170000e+03	1.200000e+03	0.000000e+00	0.000000e+00	0.000000e+00
# END HISTO1D


# BEGIN HISTO1D //nfs/dust/atlas/group/top/BS4Tops/r21/atlas-run3-multitops-bsm-joboptions/output/100022_13000GeV_353862/Rivet.yoda.gz/tttt_ttH_1LOS/Inclusive_mu0Pt_15GeV_2
ErrorBars=1
LineColor=blue
LineStyle=solid
Path=//nfs/dust/atlas/group/top/BS4Tops/r21/atlas-run3-multitops-bsm-joboptions/output/100022_13000GeV_353862/Rivet.yoda.gz/tttt_ttH_1LOS/Inclusive_mu0Pt_15GeV_2
ScaledBy=9.99999999999971859e-05
Title=SM tttt (LO)
# xlow	 xhigh	 val	 errminus	 errplus
0.000000e+00	3.000000e+01	1.604968e-05	6.040378e-07	6.040378e-07
3.000000e+01	6.000000e+01	2.664338e-05	7.782615e-07	7.782615e-07
6.000000e+01	9.000000e+01	1.686808e-05	6.192467e-07	6.192467e-07
9.000000e+01	1.200000e+02	9.934437e-06	4.752285e-07	4.752285e-07
1.200000e+02	1.500000e+02	6.024313e-06	3.700707e-07	3.700707e-07
1.500000e+02	1.800000e+02	3.409990e-06	2.784245e-07	2.784245e-07
1.800000e+02	2.100000e+02	1.750461e-06	1.994836e-07	1.994836e-07
2.100000e+02	2.400000e+02	1.363996e-06	1.760911e-07	1.760911e-07
2.400000e+02	2.700000e+02	6.137980e-07	1.181255e-07	1.181255e-07
2.700000e+02	3.000000e+02	6.365313e-07	1.202931e-07	1.202931e-07
3.000000e+02	3.300000e+02	3.182657e-07	8.506008e-08	8.506008e-08
3.300000e+02	3.600000e+02	2.273326e-07	7.188889e-08	7.188889e-08
3.600000e+02	3.900000e+02	3.182657e-07	8.506008e-08	8.506008e-08
3.900000e+02	4.200000e+02	6.819980e-08	3.937516e-08	3.937516e-08
4.200000e+02	4.500000e+02	0.000000e+00	0.000000e+00	0.000000e+00
4.500000e+02	4.800000e+02	1.136663e-07	5.083311e-08	5.083311e-08
4.800000e+02	5.100000e+02	0.000000e+00	0.000000e+00	0.000000e+00
5.100000e+02	5.400000e+02	0.000000e+00	0.000000e+00	0.000000e+00
5.400000e+02	5.700000e+02	0.000000e+00	0.000000e+00	0.000000e+00
5.700000e+02	6.000000e+02	0.000000e+00	0.000000e+00	0.000000e+00
6.000000e+02	6.300000e+02	0.000000e+00	0.000000e+00	0.000000e+00
6.300000e+02	6.600000e+02	0.000000e+00	0.000000e+00	0.000000e+00
6.600000e+02	6.900000e+02	0.000000e+00	0.000000e+00	0.000000e+00
6.900000e+02	7.200000e+02	0.000000e+00	0.000000e+00	0.000000e+00
7.200000e+02	7.500000e+02	2.273326e-08	2.273326e-08	2.273326e-08
7.500000e+02	7.800000e+02	0.000000e+00	0.000000e+00	0.000000e+00
7.800000e+02	8.100000e+02	0.000000e+00	0.000000e+00	0.000000e+00
8.100000e+02	8.400000e+02	0.000000e+00	0.000000e+00	0.000000e+00
8.400000e+02	8.700000e+02	0.000000e+00	0.000000e+00	0.000000e+00
8.700000e+02	9.000000e+02	0.000000e+00	0.000000e+00	0.000000e+00
9.000000e+02	9.300000e+02	0.000000e+00	0.000000e+00	0.000000e+00
9.300000e+02	9.600000e+02	0.000000e+00	0.000000e+00	0.000000e+00
9.600000e+02	9.900000e+02	0.000000e+00	0.000000e+00	0.000000e+00
9.900000e+02	1.020000e+03	0.000000e+00	0.000000e+00	0.000000e+00
1.020000e+03	1.050000e+03	0.000000e+00	0.000000e+00	0.000000e+00
1.050000e+03	1.080000e+03	0.000000e+00	0.000000e+00	0.000000e+00
1.080000e+03	1.110000e+03	0.000000e+00	0.000000e+00	0.000000e+00
1.110000e+03	1.140000e+03	0.000000e+00	0.000000e+00	0.000000e+00
1.140000e+03	1.170000e+03	0.000000e+00	0.000000e+00	0.000000e+00
1.170000e+03	1.200000e+03	0.000000e+00	0.000000e+00	0.000000e+00
# END HISTO1D

