# BEGIN PLOT
LegendOnly=//nfs/dust/atlas/group/top/BS4Tops/r21/atlas-run3-multitops-bsm-joboptions/output/100002_13000GeV_410192/Rivet.yoda.gz/tttt_ttH/Inclusive_pT_ttbar12 //nfs/dust/atlas/group/top/BS4Tops/r21/atlas-run3-multitops-bsm-joboptions/output/100022_13000GeV_353862/Rivet.yoda.gz/tttt_ttH/Inclusive_pT_ttbar12
DrawOnly=//nfs/dust/atlas/group/top/BS4Tops/r21/atlas-run3-multitops-bsm-joboptions/output/100002_13000GeV_410192/Rivet.yoda.gz/tttt_ttH/Inclusive_pT_ttbar12 //nfs/dust/atlas/group/top/BS4Tops/r21/atlas-run3-multitops-bsm-joboptions/output/100022_13000GeV_353862/Rivet.yoda.gz/tttt_ttH/Inclusive_pT_ttbar12
RatioPlotReference=//nfs/dust/atlas/group/top/BS4Tops/r21/atlas-run3-multitops-bsm-joboptions/output/100002_13000GeV_410192/Rivet.yoda.gz/tttt_ttH/Inclusive_pT_ttbar12
RatioPlot=1
LogY=1
RatioPlotYLabel=Ratio
Legend=1
# END PLOT

# BEGIN HISTO1D //nfs/dust/atlas/group/top/BS4Tops/r21/atlas-run3-multitops-bsm-joboptions/output/100002_13000GeV_410192/Rivet.yoda.gz/tttt_ttH/Inclusive_pT_ttbar12
ErrorBars=1
LineColor=red
LineStyle=solid
Path=//nfs/dust/atlas/group/top/BS4Tops/r21/atlas-run3-multitops-bsm-joboptions/output/100002_13000GeV_410192/Rivet.yoda.gz/tttt_ttH/Inclusive_pT_ttbar12
ScaledBy=1.00000000000008014e-04
Title=ttH(tt) 1.2 TeV
# xlow	 xhigh	 val	 errminus	 errplus
0.000000e+00	4.000000e+01	8.839425e-07	6.234849e-08	6.234849e-08
4.000000e+01	8.000000e+01	2.607850e-06	1.070916e-07	1.070916e-07
8.000000e+01	1.200000e+02	3.949155e-06	1.317850e-07	1.317850e-07
1.200000e+02	1.600000e+02	4.740745e-06	1.443901e-07	1.443901e-07
1.600000e+02	2.000000e+02	4.520860e-06	1.410018e-07	1.410018e-07
2.000000e+02	2.400000e+02	4.903463e-06	1.468471e-07	1.468471e-07
2.400000e+02	2.800000e+02	4.111873e-06	1.344726e-07	1.344726e-07
2.800000e+02	3.200000e+02	3.720475e-06	1.279125e-07	1.279125e-07
3.200000e+02	3.600000e+02	3.095997e-06	1.166848e-07	1.166848e-07
3.600000e+02	4.000000e+02	2.607850e-06	1.070916e-07	1.070916e-07
4.000000e+02	4.400000e+02	2.207657e-06	9.853258e-08	9.853258e-08
4.400000e+02	4.800000e+02	1.534805e-06	8.215625e-08	8.215625e-08
4.800000e+02	5.200000e+02	1.226965e-06	7.345646e-08	7.345646e-08
5.200000e+02	5.600000e+02	1.007079e-06	6.654963e-08	6.654963e-08
5.600000e+02	6.000000e+02	6.464653e-07	5.331956e-08	5.331956e-08
6.000000e+02	6.400000e+02	5.057382e-07	4.716033e-08	4.716033e-08
6.400000e+02	6.800000e+02	4.221815e-07	4.308872e-08	4.308872e-08
6.800000e+02	7.200000e+02	3.078408e-07	3.679400e-08	3.679400e-08
7.200000e+02	7.600000e+02	2.418748e-07	3.261439e-08	3.261439e-08
7.600000e+02	8.000000e+02	1.627158e-07	2.675030e-08	2.675030e-08
8.000000e+02	8.400000e+02	1.407272e-07	2.487728e-08	2.487728e-08
8.400000e+02	8.800000e+02	8.795447e-08	1.966722e-08	1.966722e-08
8.800000e+02	9.200000e+02	7.915902e-08	1.865796e-08	1.865796e-08
9.200000e+02	9.600000e+02	3.957950e-08	1.319317e-08	1.319317e-08
9.600000e+02	1.000000e+03	6.156813e-08	1.645478e-08	1.645478e-08
# END HISTO1D


# BEGIN HISTO1D //nfs/dust/atlas/group/top/BS4Tops/r21/atlas-run3-multitops-bsm-joboptions/output/100022_13000GeV_353862/Rivet.yoda.gz/tttt_ttH/Inclusive_pT_ttbar12
ErrorBars=1
LineColor=blue
LineStyle=solid
Path=//nfs/dust/atlas/group/top/BS4Tops/r21/atlas-run3-multitops-bsm-joboptions/output/100022_13000GeV_353862/Rivet.yoda.gz/tttt_ttH/Inclusive_pT_ttbar12
ScaledBy=9.99999999999971859e-05
Title=SM tttt (LO)
# xlow	 xhigh	 val	 errminus	 errplus
0.000000e+00	4.000000e+01	1.350356e-05	4.798280e-07	4.798280e-07
4.000000e+01	8.000000e+01	2.864390e-05	6.988398e-07	6.988398e-07
8.000000e+01	1.200000e+02	3.203685e-05	7.390714e-07	7.390714e-07
1.200000e+02	1.600000e+02	2.792780e-05	6.900490e-07	6.900490e-07
1.600000e+02	2.000000e+02	2.197738e-05	6.121382e-07	6.121382e-07
2.000000e+02	2.400000e+02	1.616335e-05	5.249612e-07	5.249612e-07
2.400000e+02	2.800000e+02	1.113362e-05	4.356921e-07	4.356921e-07
2.800000e+02	3.200000e+02	6.478980e-06	3.323646e-07	3.323646e-07
3.200000e+02	3.600000e+02	4.228388e-06	2.685028e-07	2.685028e-07
3.600000e+02	4.000000e+02	2.966690e-06	2.249042e-07	2.249042e-07
4.000000e+02	4.400000e+02	2.148293e-06	1.913852e-07	1.913852e-07
4.400000e+02	4.800000e+02	1.193496e-06	1.426501e-07	1.426501e-07
4.800000e+02	5.200000e+02	6.990477e-07	1.091729e-07	1.091729e-07
5.200000e+02	5.600000e+02	5.285483e-07	9.493007e-08	9.493007e-08
5.600000e+02	6.000000e+02	2.898490e-07	7.029873e-08	7.029873e-08
6.000000e+02	6.400000e+02	1.875494e-07	5.654828e-08	5.654828e-08
6.400000e+02	6.800000e+02	1.704995e-07	5.391667e-08	5.391667e-08
6.800000e+02	7.200000e+02	3.409990e-08	2.411227e-08	2.411227e-08
7.200000e+02	7.600000e+02	1.704995e-08	1.704995e-08	1.704995e-08
7.600000e+02	8.000000e+02	5.114985e-08	2.953137e-08	2.953137e-08
8.000000e+02	8.400000e+02	3.409990e-08	2.411227e-08	2.411227e-08
8.400000e+02	8.800000e+02	3.409990e-08	2.411227e-08	2.411227e-08
8.800000e+02	9.200000e+02	0.000000e+00	0.000000e+00	0.000000e+00
9.200000e+02	9.600000e+02	0.000000e+00	0.000000e+00	0.000000e+00
9.600000e+02	1.000000e+03	0.000000e+00	0.000000e+00	0.000000e+00
# END HISTO1D

