# BEGIN PLOT
LegendOnly=//nfs/dust/atlas/group/top/BS4Tops/r21/atlas-run3-multitops-bsm-joboptions/output/100002_13000GeV_410192/Rivet.yoda.gz/tttt_ttH/Inclusive_mTop1_zoomin //nfs/dust/atlas/group/top/BS4Tops/r21/atlas-run3-multitops-bsm-joboptions/output/100022_13000GeV_353862/Rivet.yoda.gz/tttt_ttH/Inclusive_mTop1_zoomin
DrawOnly=//nfs/dust/atlas/group/top/BS4Tops/r21/atlas-run3-multitops-bsm-joboptions/output/100002_13000GeV_410192/Rivet.yoda.gz/tttt_ttH/Inclusive_mTop1_zoomin //nfs/dust/atlas/group/top/BS4Tops/r21/atlas-run3-multitops-bsm-joboptions/output/100022_13000GeV_353862/Rivet.yoda.gz/tttt_ttH/Inclusive_mTop1_zoomin
RatioPlotReference=//nfs/dust/atlas/group/top/BS4Tops/r21/atlas-run3-multitops-bsm-joboptions/output/100002_13000GeV_410192/Rivet.yoda.gz/tttt_ttH/Inclusive_mTop1_zoomin
RatioPlot=1
LogY=1
RatioPlotYLabel=Ratio
Legend=1
# END PLOT

# BEGIN HISTO1D //nfs/dust/atlas/group/top/BS4Tops/r21/atlas-run3-multitops-bsm-joboptions/output/100002_13000GeV_410192/Rivet.yoda.gz/tttt_ttH/Inclusive_mTop1_zoomin
ErrorBars=1
LineColor=red
LineStyle=solid
Path=//nfs/dust/atlas/group/top/BS4Tops/r21/atlas-run3-multitops-bsm-joboptions/output/100002_13000GeV_410192/Rivet.yoda.gz/tttt_ttH/Inclusive_mTop1_zoomin
ScaledBy=1.00000000000008014e-04
Title=ttH(tt) 1.2 TeV
# xlow	 xhigh	 val	 errminus	 errplus
1.650000e+02	1.652500e+02	6.332720e-06	2.110907e-06	2.110907e-06
1.652500e+02	1.655000e+02	4.925452e-06	1.861645e-06	1.861645e-06
1.655000e+02	1.657500e+02	1.055454e-05	2.725169e-06	2.725169e-06
1.657500e+02	1.660000e+02	7.739992e-06	2.333696e-06	2.333696e-06
1.660000e+02	1.662500e+02	1.196181e-05	2.901164e-06	2.901164e-06
1.662500e+02	1.665000e+02	9.850900e-06	2.632764e-06	2.632764e-06
1.665000e+02	1.667500e+02	1.266544e-05	2.985274e-06	2.985274e-06
1.667500e+02	1.670000e+02	1.477635e-05	3.224464e-06	3.224464e-06
1.670000e+02	1.672500e+02	2.673816e-05	4.337502e-06	4.337502e-06
1.672500e+02	1.675000e+02	2.110907e-05	3.853972e-06	3.853972e-06
1.675000e+02	1.677500e+02	1.970180e-05	3.723290e-06	3.723290e-06
1.677500e+02	1.680000e+02	2.603452e-05	4.280049e-06	4.280049e-06
1.680000e+02	1.682500e+02	2.603452e-05	4.280049e-06	4.280049e-06
1.682500e+02	1.685000e+02	2.814543e-05	4.450183e-06	4.450183e-06
1.685000e+02	1.687500e+02	4.292180e-05	5.495571e-06	5.495571e-06
1.687500e+02	1.690000e+02	4.643996e-05	5.716364e-06	5.716364e-06
1.690000e+02	1.692500e+02	4.925452e-05	5.887039e-06	5.887039e-06
1.692500e+02	1.695000e+02	5.769812e-05	6.371692e-06	6.371692e-06
1.695000e+02	1.697500e+02	6.754904e-05	6.894195e-06	6.894195e-06
1.697500e+02	1.700000e+02	7.036356e-05	7.036358e-06	7.036358e-06
1.700000e+02	1.702500e+02	9.358356e-05	8.114723e-06	8.114723e-06
1.702500e+02	1.705000e+02	1.435417e-04	1.004993e-05	1.004993e-05
1.705000e+02	1.707500e+02	1.920926e-04	1.162597e-05	1.162597e-05
1.707500e+02	1.710000e+02	2.307925e-04	1.274339e-05	1.274339e-05
1.710000e+02	1.712500e+02	3.271906e-04	1.517310e-05	1.517310e-05
1.712500e+02	1.715000e+02	4.643996e-04	1.807673e-05	1.807673e-05
1.715000e+02	1.717500e+02	6.051268e-04	2.063465e-05	2.063465e-05
1.717500e+02	1.720000e+02	6.937848e-04	2.209461e-05	2.209461e-05
1.720000e+02	1.722500e+02	7.367068e-04	2.276781e-05	2.276781e-05
1.722500e+02	1.725000e+02	6.114596e-04	2.074234e-05	2.074234e-05
1.725000e+02	1.727500e+02	4.425868e-04	1.764710e-05	1.764710e-05
1.727500e+02	1.730000e+02	3.039706e-04	1.462480e-05	1.462480e-05
1.730000e+02	1.732500e+02	2.385325e-04	1.295531e-05	1.295531e-05
1.732500e+02	1.735000e+02	1.794271e-04	1.123616e-05	1.123616e-05
1.735000e+02	1.737500e+02	1.350981e-04	9.749863e-06	9.749863e-06
1.737500e+02	1.740000e+02	1.168035e-04	9.065713e-06	9.065713e-06
1.740000e+02	1.742500e+02	8.795448e-05	7.866887e-06	7.866887e-06
1.742500e+02	1.745000e+02	7.528904e-05	7.278465e-06	7.278465e-06
1.745000e+02	1.747500e+02	5.629088e-05	6.293509e-06	6.293509e-06
1.747500e+02	1.750000e+02	4.573632e-05	5.672893e-06	5.672893e-06
# END HISTO1D


# BEGIN HISTO1D //nfs/dust/atlas/group/top/BS4Tops/r21/atlas-run3-multitops-bsm-joboptions/output/100022_13000GeV_353862/Rivet.yoda.gz/tttt_ttH/Inclusive_mTop1_zoomin
ErrorBars=1
LineColor=blue
LineStyle=solid
Path=//nfs/dust/atlas/group/top/BS4Tops/r21/atlas-run3-multitops-bsm-joboptions/output/100022_13000GeV_353862/Rivet.yoda.gz/tttt_ttH/Inclusive_mTop1_zoomin
ScaledBy=9.99999999999971859e-05
Title=SM tttt (LO)
# xlow	 xhigh	 val	 errminus	 errplus
1.650000e+02	1.652500e+02	2.455192e-05	8.183975e-06	8.183975e-06
1.652500e+02	1.655000e+02	2.727992e-05	8.626667e-06	8.626667e-06
1.655000e+02	1.657500e+02	2.455192e-05	8.183975e-06	8.183975e-06
1.657500e+02	1.660000e+02	1.909594e-05	7.217587e-06	7.217587e-06
1.660000e+02	1.662500e+02	3.546389e-05	9.835913e-06	9.835913e-06
1.662500e+02	1.665000e+02	4.910384e-05	1.157389e-05	1.157389e-05
1.665000e+02	1.667500e+02	4.091988e-05	1.056547e-05	1.056547e-05
1.667500e+02	1.670000e+02	5.728784e-05	1.250123e-05	1.250123e-05
1.670000e+02	1.672500e+02	6.274380e-05	1.308298e-05	1.308298e-05
1.672500e+02	1.675000e+02	7.092776e-05	1.391008e-05	1.391008e-05
1.675000e+02	1.677500e+02	6.274380e-05	1.308298e-05	1.308298e-05
1.677500e+02	1.680000e+02	8.183976e-05	1.494182e-05	1.494182e-05
1.680000e+02	1.682500e+02	7.365576e-05	1.417506e-05	1.417506e-05
1.682500e+02	1.685000e+02	6.274380e-05	1.308298e-05	1.308298e-05
1.685000e+02	1.687500e+02	1.036637e-04	1.681647e-05	1.681647e-05
1.687500e+02	1.690000e+02	1.363996e-04	1.928981e-05	1.928981e-05
1.690000e+02	1.692500e+02	1.309436e-04	1.890008e-05	1.890008e-05
1.692500e+02	1.695000e+02	1.582235e-04	2.077576e-05	2.077576e-05
1.695000e+02	1.697500e+02	1.473115e-04	2.004656e-05	2.004656e-05
1.697500e+02	1.700000e+02	1.991434e-04	2.330797e-05	2.330797e-05
1.700000e+02	1.702500e+02	2.400632e-04	2.559083e-05	2.559083e-05
1.702500e+02	1.705000e+02	3.028070e-04	2.874117e-05	2.874117e-05
1.705000e+02	1.707500e+02	4.337508e-04	3.439866e-05	3.439866e-05
1.707500e+02	1.710000e+02	4.910384e-04	3.659984e-05	3.659984e-05
1.710000e+02	1.712500e+02	6.819980e-04	4.313334e-05	4.313334e-05
1.712500e+02	1.715000e+02	8.647732e-04	4.857051e-05	4.857051e-05
1.715000e+02	1.717500e+02	1.238508e-03	5.812607e-05	5.812607e-05
1.717500e+02	1.720000e+02	1.735002e-03	6.879733e-05	6.879733e-05
1.720000e+02	1.722500e+02	2.299697e-03	7.920577e-05	7.920577e-05
1.722500e+02	1.725000e+02	2.888943e-03	8.877506e-05	8.877506e-05
1.725000e+02	1.727500e+02	3.033526e-03	9.096941e-05	9.096941e-05
1.727500e+02	1.730000e+02	2.433368e-03	8.147520e-05	8.147520e-05
1.730000e+02	1.732500e+02	1.767738e-03	6.944333e-05	6.944333e-05
1.732500e+02	1.735000e+02	1.303980e-03	5.964266e-05	5.964266e-05
1.735000e+02	1.737500e+02	9.629808e-04	5.125430e-05	5.125430e-05
1.737500e+02	1.740000e+02	6.165260e-04	4.101071e-05	4.101071e-05
1.740000e+02	1.742500e+02	5.428704e-04	3.848306e-05	3.848306e-05
1.742500e+02	1.745000e+02	4.119268e-04	3.352212e-05	3.352212e-05
1.745000e+02	1.747500e+02	3.355430e-04	3.025489e-05	3.025489e-05
1.747500e+02	1.750000e+02	2.618872e-04	2.672875e-05	2.672875e-05
# END HISTO1D

