# BEGIN PLOT
LegendOnly=//nfs/dust/atlas/group/top/BS4Tops/r21/atlas-run3-multitops-bsm-joboptions/output/100009_13000GeV_128338/Rivet.yoda.gz/tttt_ttH/Inclusive_mTop1_zoomin //nfs/dust/atlas/group/top/BS4Tops/r21/atlas-run3-multitops-bsm-joboptions/output/100022_13000GeV_353862/Rivet.yoda.gz/tttt_ttH/Inclusive_mTop1_zoomin
DrawOnly=//nfs/dust/atlas/group/top/BS4Tops/r21/atlas-run3-multitops-bsm-joboptions/output/100009_13000GeV_128338/Rivet.yoda.gz/tttt_ttH/Inclusive_mTop1_zoomin //nfs/dust/atlas/group/top/BS4Tops/r21/atlas-run3-multitops-bsm-joboptions/output/100022_13000GeV_353862/Rivet.yoda.gz/tttt_ttH/Inclusive_mTop1_zoomin
RatioPlotReference=//nfs/dust/atlas/group/top/BS4Tops/r21/atlas-run3-multitops-bsm-joboptions/output/100009_13000GeV_128338/Rivet.yoda.gz/tttt_ttH/Inclusive_mTop1_zoomin
RatioPlot=1
LogY=1
RatioPlotYLabel=Ratio
Legend=1
# END PLOT

# BEGIN HISTO1D //nfs/dust/atlas/group/top/BS4Tops/r21/atlas-run3-multitops-bsm-joboptions/output/100009_13000GeV_128338/Rivet.yoda.gz/tttt_ttH/Inclusive_mTop1_zoomin
ErrorBars=1
LineColor=red
LineStyle=solid
Path=//nfs/dust/atlas/group/top/BS4Tops/r21/atlas-run3-multitops-bsm-joboptions/output/100009_13000GeV_128338/Rivet.yoda.gz/tttt_ttH/Inclusive_mTop1_zoomin
ScaledBy=9.99999999999638331e-05
Title=ttH(tt) 1.9 TeV
# xlow	 xhigh	 val	 errminus	 errplus
1.650000e+02	1.652500e+02	7.703128e-07	1.988939e-07	1.988939e-07
1.652500e+02	1.655000e+02	9.757292e-07	2.238477e-07	2.238477e-07
1.655000e+02	1.657500e+02	9.243752e-07	2.178773e-07	2.178773e-07
1.657500e+02	1.660000e+02	8.730208e-07	2.117387e-07	2.117387e-07
1.660000e+02	1.662500e+02	8.216668e-07	2.054167e-07	2.054167e-07
1.662500e+02	1.665000e+02	8.730208e-07	2.117387e-07	2.117387e-07
1.665000e+02	1.667500e+02	1.181146e-06	2.462860e-07	2.462860e-07
1.667500e+02	1.670000e+02	1.181146e-06	2.462860e-07	2.462860e-07
1.670000e+02	1.672500e+02	9.757292e-07	2.238477e-07	2.238477e-07
1.672500e+02	1.675000e+02	1.232500e-06	2.515831e-07	2.515831e-07
1.675000e+02	1.677500e+02	1.591980e-06	2.859280e-07	2.859280e-07
1.677500e+02	1.680000e+02	1.951459e-06	3.165684e-07	3.165684e-07
1.680000e+02	1.682500e+02	1.694688e-06	2.950073e-07	2.950073e-07
1.682500e+02	1.685000e+02	2.875834e-06	3.842995e-07	3.842995e-07
1.685000e+02	1.687500e+02	2.413646e-06	3.520665e-07	3.520665e-07
1.687500e+02	1.690000e+02	2.465000e-06	3.557922e-07	3.557922e-07
1.690000e+02	1.692500e+02	3.646146e-06	4.327179e-07	4.327179e-07
1.692500e+02	1.695000e+02	3.646146e-06	4.327179e-07	4.327179e-07
1.695000e+02	1.697500e+02	4.775940e-06	4.952417e-07	4.952417e-07
1.697500e+02	1.700000e+02	6.265208e-06	5.672254e-07	5.672254e-07
1.700000e+02	1.702500e+02	7.805836e-06	6.331368e-07	6.331368e-07
1.702500e+02	1.705000e+02	1.006542e-05	7.189585e-07	7.189585e-07
1.705000e+02	1.707500e+02	1.160604e-05	7.720226e-07	7.720226e-07
1.707500e+02	1.710000e+02	1.663875e-05	9.243752e-07	9.243752e-07
1.710000e+02	1.712500e+02	2.233907e-05	1.071076e-06	1.071076e-06
1.712500e+02	1.715000e+02	3.255855e-05	1.293065e-06	1.293065e-06
1.715000e+02	1.717500e+02	4.447272e-05	1.511244e-06	1.511244e-06
1.717500e+02	1.720000e+02	5.417864e-05	1.668023e-06	1.668023e-06
1.720000e+02	1.722500e+02	5.140552e-05	1.624773e-06	1.624773e-06
1.722500e+02	1.725000e+02	4.606468e-05	1.538055e-06	1.538055e-06
1.725000e+02	1.727500e+02	3.189094e-05	1.279739e-06	1.279739e-06
1.727500e+02	1.730000e+02	2.269854e-05	1.079660e-06	1.079660e-06
1.730000e+02	1.732500e+02	1.730636e-05	9.427374e-07	9.427374e-07
1.732500e+02	1.735000e+02	1.381427e-05	8.422711e-07	8.422711e-07
1.735000e+02	1.737500e+02	1.016813e-05	7.226174e-07	7.226174e-07
1.737500e+02	1.740000e+02	8.165312e-06	6.475516e-07	6.475516e-07
1.740000e+02	1.742500e+02	7.959896e-06	6.393543e-07	6.393543e-07
1.742500e+02	1.745000e+02	5.494896e-06	5.312117e-07	5.312117e-07
1.745000e+02	1.747500e+02	4.159688e-06	4.621877e-07	4.621877e-07
1.747500e+02	1.750000e+02	5.032708e-06	5.083803e-07	5.083803e-07
# END HISTO1D


# BEGIN HISTO1D //nfs/dust/atlas/group/top/BS4Tops/r21/atlas-run3-multitops-bsm-joboptions/output/100022_13000GeV_353862/Rivet.yoda.gz/tttt_ttH/Inclusive_mTop1_zoomin
ErrorBars=1
LineColor=blue
LineStyle=solid
Path=//nfs/dust/atlas/group/top/BS4Tops/r21/atlas-run3-multitops-bsm-joboptions/output/100022_13000GeV_353862/Rivet.yoda.gz/tttt_ttH/Inclusive_mTop1_zoomin
ScaledBy=9.99999999999971859e-05
Title=SM tttt (LO)
# xlow	 xhigh	 val	 errminus	 errplus
1.650000e+02	1.652500e+02	2.455192e-05	8.183975e-06	8.183975e-06
1.652500e+02	1.655000e+02	2.727992e-05	8.626667e-06	8.626667e-06
1.655000e+02	1.657500e+02	2.455192e-05	8.183975e-06	8.183975e-06
1.657500e+02	1.660000e+02	1.909594e-05	7.217587e-06	7.217587e-06
1.660000e+02	1.662500e+02	3.546389e-05	9.835913e-06	9.835913e-06
1.662500e+02	1.665000e+02	4.910384e-05	1.157389e-05	1.157389e-05
1.665000e+02	1.667500e+02	4.091988e-05	1.056547e-05	1.056547e-05
1.667500e+02	1.670000e+02	5.728784e-05	1.250123e-05	1.250123e-05
1.670000e+02	1.672500e+02	6.274380e-05	1.308298e-05	1.308298e-05
1.672500e+02	1.675000e+02	7.092776e-05	1.391008e-05	1.391008e-05
1.675000e+02	1.677500e+02	6.274380e-05	1.308298e-05	1.308298e-05
1.677500e+02	1.680000e+02	8.183976e-05	1.494182e-05	1.494182e-05
1.680000e+02	1.682500e+02	7.365576e-05	1.417506e-05	1.417506e-05
1.682500e+02	1.685000e+02	6.274380e-05	1.308298e-05	1.308298e-05
1.685000e+02	1.687500e+02	1.036637e-04	1.681647e-05	1.681647e-05
1.687500e+02	1.690000e+02	1.363996e-04	1.928981e-05	1.928981e-05
1.690000e+02	1.692500e+02	1.309436e-04	1.890008e-05	1.890008e-05
1.692500e+02	1.695000e+02	1.582235e-04	2.077576e-05	2.077576e-05
1.695000e+02	1.697500e+02	1.473115e-04	2.004656e-05	2.004656e-05
1.697500e+02	1.700000e+02	1.991434e-04	2.330797e-05	2.330797e-05
1.700000e+02	1.702500e+02	2.400632e-04	2.559083e-05	2.559083e-05
1.702500e+02	1.705000e+02	3.028070e-04	2.874117e-05	2.874117e-05
1.705000e+02	1.707500e+02	4.337508e-04	3.439866e-05	3.439866e-05
1.707500e+02	1.710000e+02	4.910384e-04	3.659984e-05	3.659984e-05
1.710000e+02	1.712500e+02	6.819980e-04	4.313334e-05	4.313334e-05
1.712500e+02	1.715000e+02	8.647732e-04	4.857051e-05	4.857051e-05
1.715000e+02	1.717500e+02	1.238508e-03	5.812607e-05	5.812607e-05
1.717500e+02	1.720000e+02	1.735002e-03	6.879733e-05	6.879733e-05
1.720000e+02	1.722500e+02	2.299697e-03	7.920577e-05	7.920577e-05
1.722500e+02	1.725000e+02	2.888943e-03	8.877506e-05	8.877506e-05
1.725000e+02	1.727500e+02	3.033526e-03	9.096941e-05	9.096941e-05
1.727500e+02	1.730000e+02	2.433368e-03	8.147520e-05	8.147520e-05
1.730000e+02	1.732500e+02	1.767738e-03	6.944333e-05	6.944333e-05
1.732500e+02	1.735000e+02	1.303980e-03	5.964266e-05	5.964266e-05
1.735000e+02	1.737500e+02	9.629808e-04	5.125430e-05	5.125430e-05
1.737500e+02	1.740000e+02	6.165260e-04	4.101071e-05	4.101071e-05
1.740000e+02	1.742500e+02	5.428704e-04	3.848306e-05	3.848306e-05
1.742500e+02	1.745000e+02	4.119268e-04	3.352212e-05	3.352212e-05
1.745000e+02	1.747500e+02	3.355430e-04	3.025489e-05	3.025489e-05
1.747500e+02	1.750000e+02	2.618872e-04	2.672875e-05	2.672875e-05
# END HISTO1D

