# BEGIN PLOT
LegendOnly=//nfs/dust/atlas/group/top/BS4Tops/r21/atlas-run3-multitops-bsm-joboptions/output/100004_13000GeV_418440/Rivet.yoda.gz/tttt_ttH_1LOS/Inclusive_jet0Pt_2 //nfs/dust/atlas/group/top/BS4Tops/r21/atlas-run3-multitops-bsm-joboptions/output/100022_13000GeV_353862/Rivet.yoda.gz/tttt_ttH_1LOS/Inclusive_jet0Pt_2
DrawOnly=//nfs/dust/atlas/group/top/BS4Tops/r21/atlas-run3-multitops-bsm-joboptions/output/100004_13000GeV_418440/Rivet.yoda.gz/tttt_ttH_1LOS/Inclusive_jet0Pt_2 //nfs/dust/atlas/group/top/BS4Tops/r21/atlas-run3-multitops-bsm-joboptions/output/100022_13000GeV_353862/Rivet.yoda.gz/tttt_ttH_1LOS/Inclusive_jet0Pt_2
RatioPlotReference=//nfs/dust/atlas/group/top/BS4Tops/r21/atlas-run3-multitops-bsm-joboptions/output/100004_13000GeV_418440/Rivet.yoda.gz/tttt_ttH_1LOS/Inclusive_jet0Pt_2
RatioPlot=1
LogY=1
RatioPlotYLabel=Ratio
Legend=1
# END PLOT

# BEGIN HISTO1D //nfs/dust/atlas/group/top/BS4Tops/r21/atlas-run3-multitops-bsm-joboptions/output/100004_13000GeV_418440/Rivet.yoda.gz/tttt_ttH_1LOS/Inclusive_jet0Pt_2
ErrorBars=1
LineColor=red
LineStyle=solid
Path=//nfs/dust/atlas/group/top/BS4Tops/r21/atlas-run3-multitops-bsm-joboptions/output/100004_13000GeV_418440/Rivet.yoda.gz/tttt_ttH_1LOS/Inclusive_jet0Pt_2
ScaledBy=9.99999999999904638e-05
Title=ttH(tt) 1.4 TeV
# xlow	 xhigh	 val	 errminus	 errplus
0.000000e+00	5.000000e+01	0.000000e+00	0.000000e+00	0.000000e+00
5.000000e+01	1.000000e+02	7.260528e-08	1.047967e-08	1.047967e-08
1.000000e+02	1.500000e+02	3.751274e-07	2.382060e-08	2.382060e-08
1.500000e+02	2.000000e+02	8.803390e-07	3.649123e-08	3.649123e-08
2.000000e+02	2.500000e+02	1.101180e-06	4.081245e-08	4.081245e-08
2.500000e+02	3.000000e+02	1.276643e-06	4.394386e-08	4.394386e-08
3.000000e+02	3.500000e+02	1.322021e-06	4.471804e-08	4.471804e-08
3.500000e+02	4.000000e+02	1.288744e-06	4.415163e-08	4.415163e-08
4.000000e+02	4.500000e+02	1.281181e-06	4.402189e-08	4.402189e-08
4.500000e+02	5.000000e+02	1.325046e-06	4.476917e-08	4.476917e-08
5.000000e+02	5.500000e+02	1.194962e-06	4.251484e-08	4.251484e-08
5.500000e+02	6.000000e+02	1.220676e-06	4.296985e-08	4.296985e-08
6.000000e+02	6.500000e+02	9.650452e-07	3.820651e-08	3.820651e-08
6.500000e+02	7.000000e+02	7.442042e-07	3.355132e-08	3.355132e-08
7.000000e+02	7.500000e+02	6.156324e-07	3.051576e-08	3.051576e-08
7.500000e+02	8.000000e+02	4.583208e-07	2.632985e-08	2.632985e-08
8.000000e+02	8.500000e+02	2.843708e-07	2.073986e-08	2.073986e-08
8.500000e+02	9.000000e+02	2.011772e-07	1.744427e-08	1.744427e-08
9.000000e+02	9.500000e+02	1.300845e-07	1.402737e-08	1.402737e-08
9.500000e+02	1.000000e+03	9.075660e-08	1.171663e-08	1.171663e-08
1.000000e+03	1.050000e+03	7.563050e-08	1.069577e-08	1.069577e-08
1.050000e+03	1.100000e+03	4.537830e-08	8.284907e-09	8.284907e-09
1.100000e+03	1.150000e+03	4.840352e-08	8.556616e-09	8.556616e-09
1.150000e+03	1.200000e+03	2.873960e-08	6.593315e-09	6.593315e-09
1.200000e+03	1.250000e+03	1.663871e-08	5.016760e-09	5.016760e-09
1.250000e+03	1.300000e+03	2.571438e-08	6.236651e-09	6.236651e-09
1.300000e+03	1.350000e+03	1.210088e-08	4.278308e-09	4.278308e-09
1.350000e+03	1.400000e+03	1.058827e-08	4.001990e-09	4.001990e-09
1.400000e+03	1.450000e+03	1.058827e-08	4.001990e-09	4.001990e-09
1.450000e+03	1.500000e+03	4.537830e-09	2.619918e-09	2.619918e-09
1.500000e+03	1.550000e+03	1.058827e-08	4.001990e-09	4.001990e-09
1.550000e+03	1.600000e+03	0.000000e+00	0.000000e+00	0.000000e+00
1.600000e+03	1.650000e+03	1.512610e-09	1.512610e-09	1.512610e-09
1.650000e+03	1.700000e+03	1.512610e-09	1.512610e-09	1.512610e-09
1.700000e+03	1.750000e+03	1.512610e-09	1.512610e-09	1.512610e-09
1.750000e+03	1.800000e+03	1.512610e-09	1.512610e-09	1.512610e-09
1.800000e+03	1.850000e+03	0.000000e+00	0.000000e+00	0.000000e+00
1.850000e+03	1.900000e+03	1.512610e-09	1.512610e-09	1.512610e-09
1.900000e+03	1.950000e+03	0.000000e+00	0.000000e+00	0.000000e+00
1.950000e+03	2.000000e+03	0.000000e+00	0.000000e+00	0.000000e+00
# END HISTO1D


# BEGIN HISTO1D //nfs/dust/atlas/group/top/BS4Tops/r21/atlas-run3-multitops-bsm-joboptions/output/100022_13000GeV_353862/Rivet.yoda.gz/tttt_ttH_1LOS/Inclusive_jet0Pt_2
ErrorBars=1
LineColor=blue
LineStyle=solid
Path=//nfs/dust/atlas/group/top/BS4Tops/r21/atlas-run3-multitops-bsm-joboptions/output/100022_13000GeV_353862/Rivet.yoda.gz/tttt_ttH_1LOS/Inclusive_jet0Pt_2
ScaledBy=9.99999999999971859e-05
Title=SM tttt (LO)
# xlow	 xhigh	 val	 errminus	 errplus
0.000000e+00	5.000000e+01	4.091988e-08	2.362510e-08	2.362510e-08
5.000000e+01	1.000000e+02	7.201898e-06	3.134223e-07	3.134223e-07
1.000000e+02	1.500000e+02	3.082630e-05	6.484363e-07	6.484363e-07
1.500000e+02	2.000000e+02	3.249038e-05	6.657080e-07	6.657080e-07
2.000000e+02	2.500000e+02	2.234224e-05	5.520392e-07	5.520392e-07
2.500000e+02	3.000000e+02	1.456747e-05	4.457575e-07	4.457575e-07
3.000000e+02	3.500000e+02	8.129414e-06	3.329938e-07	3.329938e-07
3.500000e+02	4.000000e+02	5.442342e-06	2.724579e-07	2.724579e-07
4.000000e+02	4.500000e+02	4.323866e-06	2.428525e-07	2.428525e-07
4.500000e+02	5.000000e+02	3.137190e-06	2.068601e-07	2.068601e-07
5.000000e+02	5.500000e+02	2.223314e-06	1.741433e-07	1.741433e-07
5.500000e+02	6.000000e+02	1.554955e-06	1.456349e-07	1.456349e-07
6.000000e+02	6.500000e+02	1.159396e-06	1.257542e-07	1.257542e-07
6.500000e+02	7.000000e+02	7.365576e-07	1.002328e-07	1.002328e-07
7.000000e+02	7.500000e+02	6.683580e-07	9.547969e-08	9.547969e-08
7.500000e+02	8.000000e+02	4.773986e-07	8.069508e-08	8.069508e-08
8.000000e+02	8.500000e+02	2.727992e-07	6.099974e-08	6.099974e-08
8.500000e+02	9.000000e+02	1.909594e-07	5.103605e-08	5.103605e-08
9.000000e+02	9.500000e+02	2.045994e-07	5.282733e-08	5.282733e-08
9.500000e+02	1.000000e+03	5.455982e-08	2.727991e-08	2.727991e-08
1.000000e+03	1.050000e+03	8.183974e-08	3.341093e-08	3.341093e-08
1.050000e+03	1.100000e+03	2.727992e-08	1.928981e-08	1.928981e-08
1.100000e+03	1.150000e+03	6.819978e-08	3.049987e-08	3.049987e-08
1.150000e+03	1.200000e+03	1.363996e-08	1.363996e-08	1.363996e-08
1.200000e+03	1.250000e+03	4.091988e-08	2.362510e-08	2.362510e-08
1.250000e+03	1.300000e+03	6.819978e-08	3.049987e-08	3.049987e-08
1.300000e+03	1.350000e+03	1.363996e-08	1.363996e-08	1.363996e-08
1.350000e+03	1.400000e+03	1.363996e-08	1.363996e-08	1.363996e-08
1.400000e+03	1.450000e+03	2.727992e-08	1.928981e-08	1.928981e-08
1.450000e+03	1.500000e+03	0.000000e+00	0.000000e+00	0.000000e+00
1.500000e+03	1.550000e+03	0.000000e+00	0.000000e+00	0.000000e+00
1.550000e+03	1.600000e+03	0.000000e+00	0.000000e+00	0.000000e+00
1.600000e+03	1.650000e+03	0.000000e+00	0.000000e+00	0.000000e+00
1.650000e+03	1.700000e+03	0.000000e+00	0.000000e+00	0.000000e+00
1.700000e+03	1.750000e+03	0.000000e+00	0.000000e+00	0.000000e+00
1.750000e+03	1.800000e+03	0.000000e+00	0.000000e+00	0.000000e+00
1.800000e+03	1.850000e+03	0.000000e+00	0.000000e+00	0.000000e+00
1.850000e+03	1.900000e+03	0.000000e+00	0.000000e+00	0.000000e+00
1.900000e+03	1.950000e+03	0.000000e+00	0.000000e+00	0.000000e+00
1.950000e+03	2.000000e+03	0.000000e+00	0.000000e+00	0.000000e+00
# END HISTO1D

